1.481065
1.500390
1.486219
1.506832
1.487507
1.487507
1.487507
1.549348
1.481065
1.493949
1.487507
1.502967
1.490084
1.495237
1.559654
1.486219
1.484930
1.469470
1.509409
1.460452
1.492660
1.488795
1.496525
1.487507
1.492660
1.487507
1.496525
1.477200
1.509409
1.492660
1.478488
1.530022
1.499102
1.477200
1.553213
1.478488
1.493949
1.499102
1.488795
1.501679
1.484930
1.492660
1.551924
1.484930
1.496525
1.493949
1.506832
1.488795
1.488795
1.487507
1.481065
1.500390
1.486219
1.500390
1.533887
1.487507
1.502967
1.481065
1.504255
1.499102
1.496525
1.553213
1.484930
1.500390
1.521004
1.491372
1.495237
1.557078
1.491372
1.483642
1.492660
1.514562
1.492660
1.477200
1.493949
1.483642
1.496525
1.482353
1.548059
1.493949
1.491372
1.478488
1.523581
1.486219
1.493949
1.492660
1.505544
1.491372
1.493949
1.508120
1.495237
1.475912
1.491372
1.539041
1.488795
1.501679
1.514562
1.500390
1.499102
1.492660
1.510697
1.496525
1.496525
1.493949
1.495237
1.488795
1.484930
1.546771
1.491372
1.487507
1.491372
1.487507
1.487507
1.490084
1.535176
1.500390
1.495237
1.531311
1.496525
1.488795
1.559654
1.501679
1.484930
1.499102
1.492660
1.487507
1.495237
1.550636
1.493949
1.488795
1.470758
1.558366
1.492660
1.493949
1.501679
1.521004
1.493949
1.487507
1.496525
1.486219
1.484930
1.484930
1.504255
1.500390
1.500390
1.484930
1.522292
1.488795
1.496525
1.493949
1.490084
1.490084
1.484930
1.544194
1.478488
1.497814
1.497814
1.544194
1.491372
1.487507
1.491372
1.527446
1.500390
1.479777
1.500390
1.486219
1.544194
1.487507
1.493949
1.488795
1.514562
1.499102
1.491372
1.499102
1.542906
1.496525
1.496525
1.487507
1.488795
1.563519
1.477200
1.490084
1.475912
1.500390
1.492660
1.495237
1.493949
1.505544
1.499102
1.495237
1.499102
1.492660
1.488795
1.487507
1.490084
1.496525
1.496525
1.488795
1.567384
1.487507
1.486219
1.491372
1.531311
1.479777
1.493949
1.523581
1.482353
1.497814
1.502967
1.490084
1.502967
1.493949
1.545482
1.492660
1.501679
1.560943
1.486219
1.488795
1.545482
1.488795
1.482353
1.541617
1.484930
1.486219
1.533887
1.479777
1.491372
1.521004
1.495237
1.492660
1.540329
1.491372
1.486219
1.545482
1.488795
1.490084
1.482353
1.500390
1.482353
1.492660
1.527446
1.483642
1.488795
1.493949
1.495237
1.479777
1.493949
1.478488
1.484930
1.522292
1.490084
1.496525
1.544194
1.499102
1.479777
1.500390
1.500390
1.541617
1.492660
1.492660
1.523581
1.495237
1.475912
1.504255
1.492660
1.483642
1.566096
1.501679
1.488795
1.499102
1.490084
1.496525
1.500390
1.479777
1.492660
1.496525
1.487507
1.481065
1.488795
1.493949
1.519716
1.501679
1.501679
1.484930
1.481065
1.496525
1.491372
1.540329
1.491372
1.491372
1.518427
1.484930
1.492660
1.536464
1.488795
1.495237
1.545482
1.490084
1.486219
1.518427
1.484930
1.501679
1.487507
1.500390
1.495237
1.483642
1.541617
1.490084
1.484930
1.492660
1.500390
1.491372
1.475912
1.496525
1.483642
1.527446
1.488795
1.495237
1.488795
1.486219
1.490084
1.488795
1.530022
1.491372
1.493949
1.491372
1.493949
1.510697
1.501679
1.490084
1.501679
1.499102
1.493949
1.492660
1.500390
1.506832
1.487507
1.559654
1.492660
1.497814
1.497814
1.493949
1.508120
1.493949
1.559654
1.491372
1.496525
1.470758
1.487507
1.504255
1.475912
1.545482
1.487507
1.491372
1.481065
1.492660
1.483642
1.488795
1.479777
1.509409
1.495237
1.502967
1.483642
1.492660
1.536464
1.499102
1.495237
1.478488
1.487507
1.517139
1.490084
1.472047
1.504255
1.492660
1.532599
1.491372
1.502967
1.486219
1.483642
1.531311
1.496525
1.500390
1.497814
1.496525
1.555789
1.496525
1.504255
1.499102
1.492660
1.495237
1.474623
1.562231
1.488795
1.495237
1.475912
1.478488
1.544194
1.501679
1.495237
1.506832
1.482353
1.492660
1.495237
1.491372
1.504255
1.493949
1.546771
1.490084
1.496525
1.518427
1.493949
1.500390
1.488795
1.495237
1.554501
1.496525
1.500390
1.535176
1.493949
1.493949
1.554501
1.482353
1.497814
1.544194
1.490084
1.487507
1.495237
1.493949
1.469470
1.493949
1.496525
1.479777
1.490084
1.554501
1.483642
1.487507
1.513274
1.469470
1.493949
1.545482
1.493949
1.481065
1.500390
1.490084
1.490084
1.495237
1.539041
1.482353
1.492660
1.562231
1.496525
1.481065
1.488795
1.517139
1.470758
1.486219
1.492660
1.524869
1.488795
1.495237
1.513274
1.501679
1.504255
1.495237
1.519716
1.497814
1.501679
1.532599
1.493949
1.500390
1.479777
1.488795
1.491372
1.499102
1.483642
1.500390
