1.384439
1.374132
1.375421
1.379286
1.376709
1.397323
1.392169
1.383151
1.375421
1.379286
1.371556
1.383151
1.368979
1.370267
1.372844
1.367691
1.388304
1.377997
1.393457
1.399899
1.384439
1.384439
1.384439
1.393457
1.383151
1.380574
1.379286
1.394746
1.374132
1.376709
1.372844
1.377997
1.376709
1.375421
1.377997
1.379286
1.376709
1.374132
1.367691
1.365114
1.359960
1.372844
1.357384
1.370267
1.359960
1.365114
1.383151
1.375421
1.375421
1.396034
1.372844
1.376709
1.390881
1.370267
1.365114
1.366402
1.370267
1.376709
1.379286
1.380574
1.389592
1.377997
1.384439
1.376709
1.377997
1.379286
1.379286
1.387016
1.381862
1.381862
1.379286
1.383151
1.374132
1.372844
1.371556
1.365114
1.372844
1.374132
1.389592
1.371556
1.374132
1.366402
1.387016
1.368979
1.387016
1.371556
1.392169
1.375421
1.375421
1.394746
1.383151
1.379286
1.379286
1.388304
1.398611
1.393457
1.377997
1.374132
1.376709
1.377997
1.388304
1.381862
1.365114
1.371556
1.371556
1.380574
1.381862
1.397323
1.379286
1.366402
1.372844
1.366402
1.381862
1.384439
1.365114
1.363825
1.365114
1.387016
1.370267
1.384439
1.370267
1.390881
1.368979
1.385727
1.372844
1.374132
1.380574
1.381862
1.379286
1.394746
1.389592
1.375421
1.372844
1.371556
1.376709
1.394746
1.377997
1.370267
1.370267
1.368979
1.380574
1.383151
1.370267
1.375421
1.383151
1.389592
1.377997
1.381862
1.376709
1.375421
1.377997
1.392169
1.375421
1.371556
1.366402
1.365114
1.365114
1.366402
1.387016
1.366402
1.371556
1.367691
1.389592
1.376709
1.384439
1.380574
1.388304
1.376709
1.380574
1.393457
1.381862
1.383151
1.390881
1.375421
1.374132
1.376709
1.381862
1.392169
1.371556
1.375421
1.389592
1.371556
1.368979
1.370267
1.366402
1.371556
1.362537
1.370267
1.375421
1.371556
1.372844
1.372844
1.397323
1.377997
1.371556
1.379286
1.403764
1.385727
1.388304
1.406341
1.383151
1.381862
1.381862
1.389592
1.390881
1.371556
1.372844
1.362537
1.359960
1.367691
1.358672
1.366402
1.366402
1.363825
1.367691
1.372844
1.374132
1.390881
1.377997
1.379286
1.374132
1.387016
1.376709
1.376709
1.396034
1.372844
1.375421
1.379286
1.375421
1.381862
1.388304
1.380574
1.399899
1.381862
1.375421
1.390881
1.368979
1.372844
1.370267
1.387016
1.372844
1.374132
1.375421
1.388304
1.371556
1.368979
1.393457
1.368979
1.372844
1.375421
1.367691
1.379286
1.368979
1.377997
1.371556
1.377997
1.383151
1.375421
1.376709
1.383151
1.365114
1.366402
1.385727
1.368979
1.377997
1.359960
1.370267
1.367691
1.366402
1.387016
1.379286
1.379286
1.380574
1.405053
1.383151
1.390881
1.380574
1.383151
1.375421
1.383151
1.392169
1.381862
1.384439
1.384439
1.379286
1.376709
1.374132
1.387016
1.367691
1.371556
1.371556
1.365114
1.365114
1.367691
1.371556
1.376709
1.379286
1.371556
1.376709
1.389592
1.370267
1.375421
1.370267
1.388304
1.372844
1.367691
1.396034
1.385727
1.398611
1.388304
1.401188
1.384439
1.380574
1.383151
1.385727
1.375421
1.376709
1.376709
1.397323
1.380574
1.375421
1.390881
1.363825
1.356095
1.358672
1.377997
1.366402
1.384439
1.368979
1.385727
1.363825
1.384439
1.366402
1.370267
1.371556
1.370267
1.372844
1.367691
1.374132
1.390881
1.368979
1.374132
1.371556
1.368979
1.371556
1.372844
1.384439
1.376709
1.397323
1.384439
1.381862
1.380574
1.377997
1.380574
1.379286
1.372844
1.380574
1.383151
1.384439
1.381862
1.388304
1.390881
1.398611
1.383151
1.401188
1.383151
1.394746
1.372844
1.366402
1.377997
1.368979
1.366402
1.362537
1.375421
1.371556
1.371556
1.372844
1.376709
1.380574
1.368979
1.387016
1.374132
1.385727
1.370267
1.383151
1.379286
1.374132
1.377997
1.389592
1.375421
1.374132
1.374132
1.377997
1.374132
1.372844
1.385727
1.368979
1.374132
1.392169
1.377997
1.376709
1.383151
1.371556
1.383151
1.377997
1.368979
1.374132
1.370267
1.381862
1.398611
1.380574
1.383151
1.377997
1.371556
1.370267
1.370267
1.371556
1.372844
1.371556
1.376709
1.374132
1.368979
1.368979
1.383151
1.375421
1.370267
1.376709
1.374132
1.368979
1.368979
1.387016
1.367691
1.376709
1.379286
1.370267
1.392169
1.383151
1.379286
1.371556
1.375421
1.377997
1.380574
1.377997
1.375421
1.375421
1.380574
1.392169
1.371556
1.374132
1.384439
1.368979
1.366402
1.368979
1.370267
1.383151
1.385727
1.370267
1.365114
1.374132
1.383151
1.375421
1.376709
1.393457
1.387016
1.377997
1.393457
1.375421
1.368979
1.383151
1.370267
1.374132
1.388304
1.377997
1.376709
1.379286
1.375421
