1.446280
1.454010
1.466893
1.492660
1.509409
1.533887
1.522292
1.522292
1.479777
1.461740
1.439838
1.432108
1.428243
1.408918
1.410206
1.424378
1.455298
1.460452
1.475912
1.486219
1.483642
1.484930
1.487507
1.490084
1.504255
1.517139
1.526157
1.528734
1.502967
1.490084
1.475912
1.482353
1.465605
1.492660
1.497814
1.502967
1.487507
1.491372
1.497814
1.514562
1.505544
1.508120
1.478488
1.442415
1.430820
1.410206
1.405053
1.405053
1.421801
1.402476
1.398611
1.406341
1.438550
1.435973
1.435973
1.441126
1.456587
1.469470
1.493949
1.493949
1.514562
1.501679
1.491372
1.474623
1.465605
1.457875
1.465605
1.450145
1.454010
1.460452
1.456587
1.437261
1.420513
1.429531
1.450145
1.484930
1.514562
1.557078
1.558366
1.563519
1.530022
1.487507
1.468182
1.448856
1.434685
1.416648
1.414071
1.412783
1.429531
1.437261
1.452721
1.452721
1.457875
1.474623
1.490084
1.517139
1.531311
1.539041
1.540329
1.532599
1.513274
1.509409
1.459163
1.443703
1.421801
1.434685
1.425666
1.429531
1.452721
1.454010
1.477200
1.473335
1.500390
1.492660
1.509409
1.505544
1.509409
1.482353
1.455298
1.450145
1.452721
1.474623
1.469470
1.459163
1.457875
1.475912
1.470758
1.490084
1.488795
1.478488
1.474623
1.483642
1.504255
1.496525
1.504255
1.473335
1.463028
1.475912
1.505544
1.523581
1.527446
1.496525
1.493949
1.478488
1.486219
1.470758
1.452721
1.450145
1.461740
1.441126
1.430820
1.426955
1.441126
1.455298
1.461740
1.475912
1.457875
1.455298
1.457875
1.452721
1.460452
1.481065
1.497814
1.493949
1.495237
1.488795
1.490084
1.490084
1.490084
1.469470
1.478488
1.470758
1.452721
1.446280
1.416648
1.402476
1.408918
1.412783
1.416648
1.420513
1.425666
1.432108
1.448856
1.468182
1.468182
1.448856
1.437261
1.466893
1.501679
1.496525
1.493949
1.511985
1.523581
1.521004
1.526157
1.533887
1.523581
1.517139
1.481065
1.478488
1.446280
1.430820
1.455298
1.461740
1.483642
1.473335
1.499102
1.502967
1.511985
1.501679
1.509409
1.508120
1.514562
1.508120
1.486219
1.472047
1.468182
1.452721
1.447568
1.441126
1.447568
1.459163
1.452721
1.452721
1.457875
1.460452
1.460452
1.457875
1.434685
1.434685
1.444991
1.442415
1.451433
1.429531
1.425666
1.434685
1.432108
1.420513
1.411494
1.411494
1.421801
1.417936
1.421801
1.414071
1.417936
1.428243
1.457875
1.469470
1.472047
1.514562
1.539041
1.546771
1.546771
1.542906
1.530022
1.518427
1.510697
1.496525
1.497814
1.517139
1.505544
1.486219
1.497814
1.502967
1.511985
1.505544
1.483642
1.437261
1.394746
1.379286
1.396034
1.393457
1.415359
1.466893
1.481065
1.491372
1.484930
1.464317
1.454010
1.434685
1.430820
1.432108
1.466893
1.478488
1.496525
1.517139
1.531311
1.528734
1.519716
1.509409
1.499102
1.486219
1.499102
1.501679
1.533887
1.537752
1.541617
1.522292
1.515850
1.499102
1.483642
1.461740
1.438550
1.426955
1.415359
1.410206
1.416648
1.424378
1.429531
1.448856
1.469470
1.477200
1.487507
1.497814
1.502967
1.481065
1.460452
1.429531
1.444991
1.432108
1.441126
1.444991
1.421801
1.437261
1.429531
1.459163
1.460452
1.478488
1.475912
1.469470
1.465605
1.474623
1.468182
1.461740
1.466893
1.483642
1.487507
1.463028
1.460452
1.473335
1.463028
1.470758
1.492660
1.463028
1.441126
1.428243
1.425666
1.419224
1.423089
1.437261
1.464317
1.496525
1.496525
1.493949
1.492660
1.488795
1.497814
1.499102
1.533887
1.532599
1.518427
1.509409
1.502967
1.497814
1.487507
1.465605
1.459163
1.472047
1.455298
1.438550
1.448856
1.442415
1.455298
1.479777
1.501679
1.513274
1.495237
1.470758
1.448856
1.447568
1.464317
1.461740
1.468182
1.481065
1.472047
1.484930
1.477200
1.473335
1.482353
1.496525
1.504255
1.502967
1.496525
1.484930
1.475912
1.463028
1.473335
1.470758
1.470758
1.451433
1.450145
1.435973
1.415359
1.426955
1.441126
1.456587
1.477200
1.477200
1.495237
1.488795
1.509409
1.487507
1.456587
1.435973
1.433396
1.452721
1.474623
1.459163
1.474623
1.473335
1.474623
1.468182
1.475912
1.468182
1.470758
1.451433
1.454010
1.473335
1.501679
1.484930
1.477200
1.477200
1.477200
1.484930
1.493949
1.508120
1.496525
1.481065
1.479777
1.465605
1.454010
1.447568
1.411494
1.420513
1.432108
1.444991
1.472047
1.451433
1.447568
1.451433
1.446280
1.469470
1.479777
1.497814
1.493949
1.459163
1.464317
1.443703
1.437261
1.432108
1.433396
1.450145
1.451433
1.452721
1.468182
1.470758
1.486219
1.472047
1.492660
1.500390
1.508120
1.514562
1.502967
1.492660
1.479777
1.448856
