1.398232
1.403396
1.408560
1.421469
1.420178
1.424051
1.427924
1.438252
1.443416
1.448580
1.444707
1.452453
1.448580
1.455035
1.449871
1.451162
1.451162
1.449871
1.449871
1.442125
1.436961
1.436961
1.434379
1.439543
1.434379
1.434379
1.436961
1.438252
1.440834
1.436961
1.430506
1.431797
1.436961
1.436961
1.442125
1.435670
1.429215
1.422760
1.424051
1.416305
1.415014
1.420178
1.418887
1.424051
1.421469
1.420178
1.430506
1.436961
1.447289
1.448580
1.456326
1.453744
1.452453
1.449871
1.445998
1.440834
1.433088
1.434379
1.427924
1.427924
1.425342
1.436961
1.435670
1.440834
1.436961
1.438252
1.435670
1.438252
1.436961
1.443416
1.436961
1.431797
1.421469
1.415014
1.413723
1.416305
1.420178
1.427924
1.433088
1.434379
1.433088
1.438252
1.434379
1.442125
1.439543
1.444707
1.434379
1.430506
1.436961
1.440834
1.444707
1.443416
1.448580
1.449871
1.448580
1.448580
1.445998
1.442125
1.436961
1.427924
1.430506
1.420178
1.424051
1.416305
1.420178
1.420178
1.433088
1.435670
1.435670
1.436961
1.434379
1.429215
1.425342
1.424051
1.425342
1.426633
1.429215
1.431797
1.430506
1.429215
1.429215
1.431797
1.436961
1.431797
1.434379
1.436961
1.439543
1.444707
1.443416
1.442125
1.439543
1.435670
1.434379
1.429215
1.426633
1.421469
1.422760
1.424051
1.430506
1.426633
1.427924
1.436961
1.434379
1.438252
1.440834
1.448580
1.442125
1.436961
1.435670
1.420178
1.417596
1.421469
1.421469
1.426633
1.430506
1.431797
1.434379
1.435670
1.442125
1.434379
1.433088
1.434379
1.435670
1.433088
1.436961
1.434379
1.435670
1.445998
1.444707
1.443416
1.448580
1.443416
1.440834
1.440834
1.434379
1.434379
1.434379
1.431797
1.429215
1.427924
1.426633
1.425342
1.427924
1.431797
1.434379
1.431797
1.430506
1.430506
1.433088
1.436961
1.443416
1.449871
1.449871
1.453744
1.445998
1.442125
1.440834
1.439543
1.438252
1.435670
1.438252
1.430506
1.430506
1.430506
1.430506
1.426633
1.429215
1.425342
1.427924
1.429215
1.429215
1.433088
1.433088
1.434379
1.431797
1.435670
1.434379
1.439543
1.434379
1.440834
1.433088
1.433088
1.426633
1.433088
1.427924
1.434379
1.434379
1.433088
1.430506
1.425342
1.422760
1.424051
1.427924
1.430506
1.433088
1.435670
1.436961
1.440834
1.439543
1.440834
1.440834
1.436961
1.434379
1.429215
1.427924
1.425342
1.426633
1.424051
1.425342
1.420178
1.427924
1.425342
1.427924
1.431797
1.429215
1.430506
1.431797
1.436961
1.431797
1.440834
1.435670
1.445998
1.440834
1.440834
1.438252
1.436961
1.443416
1.453744
1.460199
1.465363
1.456326
1.456326
1.447289
1.444707
1.438252
1.433088
1.438252
1.434379
1.434379
1.431797
1.427924
1.426633
1.425342
1.426633
1.421469
1.412432
1.416305
1.409851
1.413723
1.413723
1.417596
1.409851
1.405978
1.411141
1.409851
1.417596
1.427924
1.438252
1.445998
1.443416
1.438252
1.440834
1.433088
1.431797
1.434379
1.434379
1.433088
1.433088
1.440834
1.436961
1.442125
1.447289
1.447289
1.444707
1.448580
1.448580
1.445998
1.444707
1.439543
1.436961
1.434379
1.439543
1.438252
1.434379
1.430506
1.434379
1.431797
1.430506
1.436961
1.431797
1.434379
1.435670
1.435670
1.431797
1.429215
1.434379
1.434379
1.433088
1.433088
1.427924
1.431797
1.433088
1.439543
1.435670
1.438252
1.436961
1.439543
1.435670
1.442125
1.439543
1.451162
1.447289
1.439543
1.433088
1.424051
1.425342
1.417596
1.418887
1.417596
1.422760
1.427924
1.430506
1.431797
1.433088
1.438252
1.433088
1.436961
1.440834
1.444707
1.452453
1.447289
1.444707
1.447289
1.443416
1.444707
1.444707
1.452453
1.440834
1.431797
1.429215
1.421469
1.421469
1.416305
1.413723
1.413723
1.417596
1.429215
1.426633
1.427924
1.429215
1.429215
1.430506
1.431797
1.429215
1.433088
1.433088
1.439543
1.433088
1.436961
1.430506
1.436961
1.434379
1.435670
1.439543
1.448580
1.452453
1.448580
1.447289
1.449871
1.453744
1.451162
1.452453
1.444707
1.448580
1.439543
1.440834
1.434379
1.434379
1.426633
1.418887
1.409851
1.409851
1.415014
1.413723
1.420178
1.424051
1.424051
1.425342
1.427924
1.434379
1.436961
1.439543
1.435670
1.435670
1.440834
1.436961
1.440834
1.440834
1.439543
1.443416
1.436961
1.431797
1.435670
1.431797
1.438252
1.439543
1.451162
1.449871
1.452453
1.449871
1.445998
1.440834
1.438252
1.434379
1.426633
1.424051
1.424051
1.421469
1.424051
1.424051
1.424051
1.425342
1.434379
1.434379
1.434379
1.427924
1.427924
1.434379
1.431797
1.435670
1.436961
1.435670
1.442125
1.434379
1.436961
1.433088
1.433088
1.429215
1.430506
1.436961
1.433088
1.438252
1.431797
1.438252
1.430506
1.429215
1.422760
1.426633
1.426633
1.427924
1.430506
1.429215
1.430506
1.433088
1.438252
1.442125
1.447289
1.436961
1.431797
1.422760
1.421469
1.427924
1.422760
1.425342
1.430506
1.433088
1.438252
1.433088
1.433088
1.433088
1.433088
1.433088
1.433088
1.436961
1.438252
1.436961
1.436961
1.434379
1.440834
1.440834
1.442125
1.438252
1.438252
1.436961
1.436961
1.440834
1.449871
1.453744
1.456326
1.460199
1.455035
1.452453
1.452453
1.443416
1.447289
1.435670
1.429215
1.424051
1.420178
1.421469
1.418887
1.425342
1.418887
1.426633
1.429215
1.439543
1.435670
1.438252
1.431797
1.425342
1.420178
1.413723
1.416305
1.421469
1.429215
1.438252
1.447289
1.451162
1.455035
1.451162
1.452453
1.449871
1.443416
1.440834
1.438252
1.440834
1.438252
1.438252
1.433088
1.424051
1.418887
1.418887
1.429215
1.430506
1.433088
1.427924
1.420178
1.409851
1.408560
1.400814
1.407269
1.408560
1.411141
1.415014
1.418887
1.425342
1.426633
1.430506
1.431797
1.434379
1.436961
1.440834
1.443416
1.444707
1.451162
1.444707
1.440834
1.442125
1.445998
1.443416
1.440834
1.445998
1.448580
1.456326
1.452453
1.452453
1.453744
1.458908
1.457617
1.440834
1.426633
1.420178
1.420178
1.425342
1.430506
1.434379
1.440834
1.438252
1.438252
1.442125
1.434379
1.430506
1.434379
1.426633
1.427924
1.430506
1.431797
1.427924
1.422760
1.417596
1.418887
1.422760
1.425342
1.431797
1.430506
1.430506
1.431797
1.435670
1.434379
1.433088
1.433088
1.431797
1.440834
1.439543
1.440834
1.442125
1.448580
1.440834
1.438252
1.438252
1.434379
1.435670
1.434379
1.442125
1.436961
1.438252
1.439543
1.443416
1.439543
1.435670
1.440834
1.438252
1.438252
1.442125
1.434379
1.429215
1.422760
1.420178
1.425342
1.418887
1.418887
1.420178
1.421469
1.427924
1.436961
1.434379
1.435670
1.434379
1.439543
1.440834
1.444707
1.445998
1.440834
1.445998
1.444707
1.448580
1.442125
1.439543
1.439543
1.447289
1.443416
1.444707
1.445998
1.438252
1.430506
1.425342
1.425342
1.422760
1.420178
1.427924
1.425342
1.420178
1.425342
1.424051
1.422760
1.426633
1.427924
1.438252
1.431797
1.433088
1.436961
1.436961
1.440834
1.438252
1.434379
1.434379
1.429215
1.420178
1.417596
1.413723
1.415014
1.420178
1.424051
1.430506
1.436961
1.439543
1.440834
1.443416
1.438252
1.440834
1.444707
1.438252
1.434379
1.433088
1.431797
1.431797
1.425342
1.422760
1.422760
1.427924
1.429215
1.435670
1.439543
1.438252
1.439543
1.439543
1.436961
1.439543
1.434379
1.431797
1.438252
1.438252
1.442125
1.445998
1.445998
1.444707
1.442125
1.445998
1.439543
1.440834
1.449871
1.451162
1.448580
1.444707
1.440834
1.435670
1.434379
1.439543
1.431797
1.438252
1.429215
1.424051
1.422760
1.420178
1.425342
1.420178
1.426633
1.424051
1.434379
1.433088
1.440834
1.444707
1.447289
1.443416
1.438252
1.435670
1.431797
1.425342
1.425342
1.424051
1.417596
1.415014
1.416305
1.420178
1.421469
1.422760
1.420178
1.421469
1.427924
1.424051
1.427924
1.438252
1.440834
1.444707
1.448580
1.451162
1.456326
1.449871
1.443416
1.443416
1.438252
1.438252
1.430506
1.426633
1.427924
1.436961
1.434379
1.440834
1.451162
1.456326
1.458908
1.455035
1.449871
1.440834
1.436961
1.436961
1.436961
1.443416
1.438252
1.430506
1.426633
1.424051
1.421469
1.418887
1.422760
1.430506
1.422760
1.422760
1.426633
1.424051
1.431797
1.429215
1.431797
1.436961
1.433088
1.431797
1.434379
1.434379
1.438252
1.438252
1.439543
1.443416
1.433088
1.430506
1.430506
1.429215
1.429215
1.431797
1.431797
1.434379
1.434379
1.436961
1.439543
1.433088
1.431797
1.425342
1.424051
1.430506
1.426633
1.427924
1.426633
1.430506
1.433088
1.438252
1.440834
1.440834
1.440834
1.442125
1.444707
1.440834
1.442125
1.430506
1.424051
1.422760
1.418887
1.418887
1.418887
1.425342
1.422760
1.422760
1.427924
1.429215
1.433088
1.430506
1.431797
1.434379
1.434379
1.435670
1.436961
1.435670
1.435670
1.434379
1.436961
1.436961
1.444707
1.440834
1.439543
1.439543
1.445998
1.439543
1.435670
1.438252
1.440834
1.443416
1.448580
1.449871
1.455035
1.448580
1.443416
1.445998
1.438252
1.436961
1.439543
1.427924
1.427924
1.421469
1.421469
1.430506
1.424051
1.426633
1.433088
1.431797
1.435670
1.439543
1.434379
1.433088
1.442125
1.435670
1.430506
1.427924
1.426633
1.431797
1.426633
1.427924
1.429215
1.427924
1.429215
1.435670
1.435670
1.442125
1.436961
1.429215
1.422760
1.424051
1.420178
1.427924
1.438252
1.436961
1.438252
1.440834
1.442125
1.443416
1.449871
1.439543
1.438252
1.434379
1.434379
1.433088
1.439543
1.435670
1.434379
1.438252
1.431797
1.430506
1.431797
1.434379
1.434379
1.433088
1.431797
1.431797
1.430506
1.431797
1.431797
1.433088
1.435670
1.433088
1.435670
1.431797
1.430506
1.438252
1.433088
1.438252
1.427924
1.430506
1.430506
1.427924
1.430506
1.430506
1.430506
1.427924
1.434379
1.427924
1.426633
1.431797
1.426633
1.425342
1.434379
1.433088
1.431797
1.433088
1.435670
1.433088
1.439543
1.435670
1.436961
1.442125
1.442125
1.449871
1.456326
1.453744
1.449871
1.448580
1.438252
1.434379
1.438252
1.433088
1.434379
1.430506
1.430506
1.431797
1.430506
1.438252
1.431797
1.439543
1.434379
1.440834
1.433088
1.433088
1.429215
1.424051
1.413723
1.415014
1.415014
1.417596
1.424051
1.426633
1.433088
1.433088
1.439543
1.444707
1.440834
1.443416
1.435670
1.434379
1.435670
1.433088
1.440834
1.438252
1.438252
1.442125
1.438252
1.435670
1.436961
1.429215
1.430506
1.429215
1.430506
1.439543
1.436961
1.436961
1.438252
1.439543
1.442125
1.440834
1.443416
1.435670
1.431797
1.429215
1.427924
1.433088
1.429215
1.431797
1.430506
1.429215
1.435670
1.436961
1.436961
1.443416
1.438252
1.436961
1.439543
1.431797
1.427924
1.433088
1.430506
1.430506
1.436961
1.436961
1.443416
1.447289
1.445998
1.444707
1.435670
1.438252
1.429215
1.426633
1.431797
1.429215
1.429215
1.430506
1.433088
1.442125
1.442125
1.444707
1.435670
1.433088
1.431797
1.429215
1.431797
1.430506
1.435670
1.430506
1.433088
1.434379
1.433088
1.431797
1.430506
1.430506
1.430506
1.427924
1.421469
1.421469
1.417596
1.421469
1.418887
1.427924
1.424051
1.434379
1.433088
1.433088
1.431797
1.434379
1.438252
1.438252
1.438252
1.444707
1.440834
1.443416
1.447289
1.449871
1.458908
1.456326
1.458908
1.451162
1.451162
1.445998
1.445998
1.435670
1.427924
1.429215
1.422760
1.420178
1.422760
1.425342
1.425342
1.433088
1.431797
1.433088
1.430506
1.429215
1.429215
1.427924
1.427924
1.429215
1.427924
1.426633
1.427924
1.430506
1.435670
1.440834
1.440834
1.439543
1.440834
1.445998
1.443416
1.448580
1.442125
1.443416
1.431797
1.431797
1.426633
1.429215
1.422760
1.425342
1.429215
1.434379
1.426633
1.417596
1.417596
1.416305
1.420178
1.429215
1.430506
1.434379
1.440834
1.438252
1.436961
1.439543
1.436961
1.436961
1.436961
1.435670
1.433088
1.436961
1.440834
1.444707
1.442125
1.440834
1.436961
1.442125
1.436961
1.438252
1.439543
1.445998
1.449871
1.448580
1.444707
1.440834
1.444707
1.438252
1.439543
1.435670
1.430506
1.434379
1.429215
1.426633
1.430506
1.429215
1.427924
1.427924
1.427924
1.426633
1.429215
1.436961
1.427924
1.422760
1.416305
1.417596
1.413723
1.413723
1.422760
1.420178
1.422760
1.426633
1.434379
1.435670
1.427924
1.426633
1.429215
1.433088
1.442125
1.445998
1.452453
1.453744
1.445998
1.440834
1.436961
1.444707
1.436961
1.438252
1.438252
1.439543
1.434379
1.433088
1.430506
1.436961
1.431797
1.430506
1.438252
1.431797
1.430506
1.434379
1.427924
1.430506
1.438252
1.442125
1.447289
1.449871
1.449871
1.444707
1.440834
1.445998
1.452453
1.458908
1.455035
1.452453
1.448580
1.448580
1.449871
1.438252
1.426633
1.411141
1.402105
1.395650
1.396941
1.394359
1.400814
1.398232
1.408560
1.409851
1.416305
1.421469
1.425342
1.431797
1.430506
1.443416
1.440834
1.443416
1.447289
1.451162
1.451162
1.456326
1.449871
1.457617
1.447289
1.448580
1.444707
1.440834
1.439543
1.440834
1.439543
1.442125
1.436961
1.439543
1.433088
1.438252
1.430506
1.426633
1.421469
1.418887
1.416305
1.420178
1.425342
1.430506
1.434379
1.431797
1.424051
1.425342
1.422760
1.426633
1.429215
1.435670
1.443416
1.444707
1.443416
1.442125
1.440834
1.439543
1.443416
1.434379
1.439543
1.434379
1.434379
1.433088
1.431797
1.434379
1.433088
1.435670
1.436961
1.443416
1.439543
1.444707
1.440834
1.436961
1.434379
1.434379
1.438252
1.427924
1.429215
1.429215
1.430506
1.434379
1.431797
1.434379
1.429215
1.426633
1.425342
1.422760
1.427924
1.421469
1.424051
1.430506
1.427924
1.430506
1.433088
1.438252
1.443416
1.439543
1.439543
1.442125
1.436961
1.444707
1.438252
1.431797
1.431797
1.422760
1.422760
1.427924
1.426633
1.435670
1.448580
1.444707
1.445998
1.443416
1.444707
1.435670
1.435670
1.436961
1.436961
1.436961
1.435670
1.435670
1.430506
1.425342
1.422760
1.421469
1.421469
1.425342
1.422760
1.425342
1.427924
1.431797
1.427924
1.431797
1.439543
1.439543
1.442125
1.443416
1.442125
1.444707
1.447289
1.444707
1.447289
1.439543
1.436961
1.434379
1.424051
1.422760
1.424051
1.430506
1.426633
1.429215
1.435670
1.429215
1.430506
1.442125
1.438252
1.439543
1.439543
1.440834
1.443416
1.449871
1.447289
1.444707
1.445998
1.438252
1.431797
1.426633
1.430506
1.424051
1.424051
1.429215
1.424051
1.424051
1.429215
1.425342
1.424051
1.425342
1.425342
1.433088
1.430506
1.433088
1.440834
1.447289
1.440834
1.440834
1.445998
1.443416
1.443416
1.442125
1.443416
1.434379
1.427924
1.425342
1.430506
1.424051
1.420178
1.422760
1.426633
1.430506
1.440834
1.439543
1.444707
1.447289
1.445998
1.443416
1.439543
1.438252
1.443416
1.434379
1.427924
1.433088
1.434379
1.439543
1.431797
1.429215
1.418887
1.413723
1.416305
1.418887
1.424051
1.424051
1.426633
1.435670
1.431797
1.431797
1.435670
1.430506
1.427924
1.425342
1.425342
1.429215
1.434379
1.439543
1.444707
1.440834
1.439543
1.435670
1.434379
1.438252
1.436961
1.436961
1.436961
1.436961
1.445998
1.440834
1.444707
1.449871
1.439543
1.436961
1.439543
1.433088
1.431797
1.431797
1.431797
1.434379
1.433088
1.433088
1.434379
1.433088
1.434379
1.442125
1.438252
1.433088
1.434379
1.433088
1.435670
1.435670
1.438252
1.436961
1.434379
1.439543
1.434379
1.438252
1.433088
1.430506
1.427924
1.425342
1.427924
1.430506
1.438252
1.439543
1.442125
1.449871
1.445998
1.449871
1.439543
1.436961
1.435670
1.439543
1.439543
1.435670
1.430506
1.426633
1.430506
1.431797
1.433088
1.433088
1.433088
1.439543
1.435670
1.438252
1.427924
1.426633
1.425342
1.429215
1.433088
1.433088
1.434379
1.433088
1.433088
1.430506
1.429215
1.430506
1.431797
1.435670
1.431797
1.433088
1.435670
1.436961
1.430506
1.433088
1.431797
1.435670
1.426633
1.426633
1.421469
1.424051
1.429215
1.417596
1.415014
1.411141
1.413723
1.422760
1.424051
1.426633
1.438252
1.436961
1.439543
1.442125
1.444707
1.444707
1.444707
1.442125
1.443416
1.445998
1.442125
1.438252
1.436961
1.438252
1.447289
1.444707
1.443416
1.442125
1.444707
1.438252
1.434379
1.439543
1.433088
1.434379
1.440834
1.434379
1.436961
1.439543
1.435670
1.431797
1.431797
1.426633
1.427924
1.438252
1.434379
1.434379
1.440834
1.431797
1.431797
1.431797
1.434379
1.430506
1.427924
1.430506
1.426633
1.429215
1.429215
1.434379
1.430506
1.430506
1.434379
1.426633
1.426633
1.434379
1.443416
1.455035
1.451162
1.448580
1.451162
1.440834
1.442125
1.444707
1.444707
1.438252
1.431797
1.430506
1.434379
1.429215
1.429215
1.431797
1.434379
1.433088
1.431797
1.429215
1.434379
1.430506
1.433088
1.436961
1.436961
1.433088
1.429215
1.427924
1.433088
1.429215
1.429215
1.431797
1.427924
1.431797
1.427924
1.429215
1.426633
1.431797
1.435670
1.438252
1.436961
1.434379
1.440834
1.438252
1.434379
1.436961
1.429215
1.431797
1.427924
1.427924
1.425342
1.418887
1.420178
1.429215
1.426633
1.429215
1.435670
1.422760
1.418887
1.424051
1.422760
1.426633
1.435670
1.433088
1.436961
1.438252
1.439543
1.438252
1.435670
1.439543
1.447289
1.440834
1.452453
1.451162
1.462781
1.456326
1.452453
1.456326
1.443416
1.438252
1.442125
1.431797
1.429215
1.433088
1.427924
1.426633
1.429215
1.426633
1.426633
1.431797
1.427924
1.433088
1.433088
1.430506
1.436961
1.430506
1.429215
1.431797
1.431797
1.431797
1.436961
1.431797
1.433088
1.434379
1.422760
1.418887
1.425342
1.426633
1.431797
1.436961
1.440834
1.445998
1.449871
1.443416
1.442125
1.440834
1.433088
1.430506
1.429215
1.433088
1.434379
1.433088
1.429215
1.425342
1.430506
1.426633
1.430506
1.429215
1.425342
1.426633
1.426633
1.430506
1.427924
1.429215
1.430506
1.434379
1.433088
1.434379
1.436961
1.434379
1.435670
1.438252
1.443416
1.438252
1.438252
1.449871
1.444707
1.440834
1.442125
1.434379
1.435670
1.436961
1.438252
1.444707
1.442125
1.438252
1.438252
1.440834
1.448580
1.445998
1.448580
1.445998
1.431797
1.424051
1.422760
1.417596
1.420178
1.421469
1.424051
1.431797
1.427924
1.435670
1.430506
1.436961
1.434379
1.433088
1.438252
1.430506
1.433088
1.440834
1.436961
1.431797
1.435670
1.429215
1.431797
1.435670
1.442125
1.447289
1.449871
1.448580
1.452453
1.444707
1.442125
1.435670
1.436961
1.444707
1.439543
1.436961
1.442125
1.435670
1.431797
1.436961
1.431797
1.434379
1.425342
1.429215
1.422760
1.427924
1.422760
1.430506
1.424051
1.425342
1.425342
1.429215
1.430506
1.431797
1.431797
1.429215
1.434379
1.433088
1.439543
1.436961
1.442125
1.434379
1.438252
1.436961
1.434379
1.436961
1.434379
1.435670
1.429215
1.429215
1.426633
1.420178
1.418887
1.412432
1.411141
1.418887
1.418887
1.424051
1.429215
1.435670
1.442125
1.442125
1.443416
1.448580
1.444707
1.445998
1.443416
1.447289
1.440834
1.436961
1.438252
1.435670
1.433088
1.433088
1.433088
1.434379
1.430506
1.433088
1.431797
1.429215
1.435670
1.427924
1.426633
1.429215
1.426633
1.430506
1.433088
1.433088
1.434379
1.433088
1.433088
1.436961
1.438252
1.440834
1.442125
1.439543
1.435670
1.434379
1.433088
1.433088
1.438252
1.444707
1.451162
1.456326
1.460199
1.462781
1.451162
1.447289
1.439543
1.439543
1.438252
1.434379
1.429215
1.424051
1.421469
1.427924
1.429215
1.427924
1.427924
1.425342
1.426633
1.427924
1.427924
1.422760
1.424051
1.430506
1.427924
1.429215
1.429215
1.427924
1.430506
1.426633
1.434379
1.431797
1.439543
1.433088
1.430506
1.426633
1.434379
1.430506
1.435670
1.438252
1.439543
1.438252
1.440834
1.433088
1.430506
1.433088
1.426633
1.421469
1.424051
1.421469
1.424051
1.425342
1.425342
1.424051
1.425342
1.426633
1.429215
1.427924
1.427924
1.438252
1.431797
1.435670
1.445998
1.453744
1.458908
1.447289
1.445998
1.443416
1.440834
1.439543
1.440834
1.439543
1.436961
1.438252
1.434379
1.435670
1.439543
1.435670
1.438252
1.433088
1.438252
1.436961
1.442125
1.433088
1.435670
1.426633
1.427924
1.421469
1.424051
1.422760
1.426633
1.427924
1.429215
1.427924
1.431797
1.431797
1.439543
1.434379
1.436961
1.433088
1.430506
1.429215
1.427924
1.429215
1.430506
1.431797
1.431797
1.434379
1.434379
1.439543
1.435670
1.436961
1.438252
1.438252
1.439543
1.436961
1.435670
1.442125
1.440834
1.438252
1.438252
1.435670
1.436961
1.431797
1.434379
1.434379
1.429215
1.429215
1.418887
1.415014
1.416305
1.418887
1.426633
1.430506
1.433088
1.438252
1.434379
1.436961
1.442125
1.435670
1.434379
1.439543
1.435670
1.435670
1.434379
1.434379
1.431797
1.433088
1.434379
1.442125
1.439543
1.439543
1.438252
1.444707
1.443416
1.448580
1.455035
1.453744
1.451162
1.445998
1.447289
1.440834
1.438252
1.439543
1.434379
1.433088
1.438252
1.431797
1.435670
1.430506
1.427924
1.433088
1.427924
1.427924
1.425342
1.425342
1.426633
1.427924
1.425342
1.426633
1.429215
1.427924
1.422760
1.418887
1.421469
1.413723
1.413723
1.421469
1.424051
1.426633
1.433088
1.435670
1.444707
1.447289
1.447289
1.447289
1.444707
1.444707
1.443416
1.442125
1.447289
1.439543
1.440834
1.443416
1.439543
1.438252
1.436961
1.433088
1.435670
1.427924
1.424051
1.421469
1.409851
1.408560
1.415014
1.412432
1.415014
1.418887
1.427924
1.424051
1.427924
1.431797
1.442125
1.440834
1.443416
1.442125
1.448580
1.442125
1.440834
1.445998
1.439543
1.438252
1.439543
1.438252
1.436961
1.439543
1.440834
1.439543
1.438252
1.438252
1.445998
1.438252
1.443416
1.456326
1.453744
1.449871
1.445998
1.445998
1.438252
1.430506
1.427924
1.425342
1.429215
1.426633
1.427924
1.430506
1.431797
1.430506
1.434379
1.433088
1.436961
1.444707
1.436961
1.435670
1.433088
1.430506
1.430506
1.435670
1.430506
1.429215
1.424051
1.422760
1.412432
1.411141
1.416305
1.413723
1.417596
1.421469
1.436961
1.439543
1.445998
1.455035
1.440834
1.434379
1.435670
1.434379
1.442125
1.438252
1.440834
1.433088
1.434379
1.431797
1.436961
1.433088
1.440834
1.433088
1.435670
1.435670
1.444707
1.444707
1.445998
1.444707
1.443416
1.442125
1.440834
1.440834
1.439543
1.435670
1.433088
1.429215
1.430506
1.430506
1.429215
1.429215
1.430506
1.431797
1.438252
1.430506
1.429215
1.430506
1.430506
1.434379
1.433088
1.436961
1.431797
1.431797
1.431797
1.429215
1.434379
1.431797
1.433088
1.435670
1.443416
1.438252
1.442125
1.434379
1.438252
1.433088
1.436961
1.425342
1.422760
1.416305
1.415014
1.425342
1.429215
1.438252
1.435670
1.439543
1.431797
1.434379
1.435670
1.435670
1.436961
1.430506
1.430506
1.433088
1.435670
1.445998
1.445998
1.452453
1.449871
1.448580
1.447289
1.445998
1.448580
1.440834
1.433088
1.430506
1.418887
1.416305
1.426633
1.429215
1.434379
1.439543
1.440834
1.444707
1.439543
1.440834
1.439543
1.438252
1.434379
1.422760
1.417596
1.418887
1.424051
1.421469
1.422760
1.421469
1.422760
1.422760
1.425342
1.434379
1.434379
1.438252
1.439543
1.440834
1.440834
1.433088
1.431797
1.439543
1.435670
1.436961
1.445998
1.447289
1.453744
1.451162
1.449871
1.449871
1.443416
1.444707
1.438252
1.431797
1.427924
1.415014
1.411141
1.416305
1.417596
1.421469
1.427924
1.427924
1.426633
1.425342
1.429215
1.425342
1.425342
1.435670
1.433088
1.434379
1.440834
1.439543
1.443416
1.447289
1.439543
1.438252
1.443416
1.434379
1.430506
1.434379
1.431797
1.434379
1.444707
1.444707
1.447289
1.444707
1.444707
1.447289
1.453744
1.458908
1.456326
1.453744
1.451162
1.451162
1.434379
1.420178
1.413723
1.408560
1.407269
1.405978
1.408560
1.412432
1.417596
1.418887
1.426633
1.425342
1.433088
1.433088
1.438252
1.439543
1.433088
1.431797
1.426633
1.429215
1.424051
1.424051
1.424051
1.424051
1.426633
1.429215
1.427924
1.430506
1.436961
1.435670
1.436961
1.440834
1.452453
1.444707
1.440834
1.438252
1.435670
1.434379
1.435670
1.436961
1.440834
1.443416
1.444707
1.442125
1.445998
1.449871
1.443416
1.433088
1.433088
1.430506
1.433088
1.435670
1.435670
1.434379
1.435670
1.430506
1.429215
1.436961
