1.470527
1.434379
1.385322
1.434379
1.431797
1.448580
1.434379
1.462781
1.431797
1.416305
1.439543
1.424051
1.429215
1.431797
1.460199
1.431797
1.467945
1.433088
1.412432
1.434379
1.399523
1.425342
1.402105
1.431797
1.427924
1.445998
1.430506
1.453744
1.434379
1.464072
1.438252
1.475691
1.425342
1.442125
1.424051
1.434379
1.404687
1.425342
1.461490
1.438252
1.456326
1.433088
1.400814
1.426633
1.402105
1.418887
1.405978
1.429215
1.396941
1.430506
1.387904
1.429215
1.399523
1.433088
1.405978
1.435670
1.433088
1.440834
1.412432
1.436961
1.416305
1.430506
1.413723
1.422760
1.427924
1.467945
1.433088
1.424051
1.433088
1.434379
1.467945
1.438252
1.426633
1.455035
1.435670
1.435670
1.434379
1.476982
1.435670
1.487309
1.435670
1.445998
1.431797
1.465363
1.427924
1.452453
1.434379
1.448580
1.430506
1.424051
1.429215
1.451162
1.429215
1.452453
1.433088
1.417596
1.435670
1.396941
1.431797
1.422760
1.433088
1.436961
1.435670
1.470527
1.434379
1.416305
1.427924
1.424051
1.426633
1.430506
1.439543
1.404687
1.436961
1.429215
1.438252
1.418887
1.436961
1.396941
1.439543
1.418887
1.473109
1.429215
1.438252
1.425342
1.425342
1.467945
1.427924
1.413723
1.438252
1.424051
1.447289
1.430506
1.475691
1.430506
1.408560
1.438252
1.420178
1.443416
1.436961
1.475691
1.434379
1.411141
1.435670
1.431797
1.453744
1.424051
1.430506
1.438252
1.433088
1.433088
1.476982
1.429215
1.426633
1.456326
1.440834
1.408560
1.440834
1.438252
1.462781
1.434379
1.413723
1.445998
1.434379
1.462781
1.430506
1.433088
1.422760
1.455035
1.433088
1.451162
1.426633
1.424051
1.427924
1.430506
1.476982
1.431797
1.399523
1.444707
1.418887
1.400814
1.425342
1.433088
1.462781
1.434379
1.430506
1.439543
1.422760
1.429215
1.460199
1.429215
1.409851
1.430506
1.416305
1.456326
1.433088
1.405978
1.431797
1.435670
1.455035
1.431797
1.422760
1.418887
1.431797
1.473109
1.435670
1.438252
1.430506
1.408560
1.433088
1.433088
1.478273
1.433088
1.444707
1.422760
1.404687
1.436961
1.429215
1.467945
1.429215
1.418887
1.429215
1.429215
1.443416
1.433088
1.470527
1.429215
1.396941
1.444707
1.434379
1.462781
1.431797
1.402105
1.431797
1.426633
1.436961
1.431797
1.467945
1.434379
1.433088
1.438252
1.391777
1.435670
1.435670
1.470527
1.435670
1.436961
1.460199
1.427924
1.435670
1.464072
1.433088
1.421469
1.471818
1.427924
1.433088
1.452453
1.435670
1.466654
1.429215
1.444707
1.430506
1.396941
1.434379
1.427924
1.422760
1.394359
1.418887
1.418887
1.430506
1.461490
1.433088
1.476982
1.420178
1.447289
1.435670
1.456326
1.426633
1.469236
1.424051
1.467945
1.434379
1.455035
1.425342
1.408560
1.431797
1.425342
1.451162
1.429215
1.417596
1.421469
1.427924
1.430506
1.430506
1.471818
1.431797
1.452453
1.431797
1.475691
1.434379
1.474400
1.435670
1.407269
1.438252
1.431797
1.474400
1.434379
1.403396
1.433088
1.413723
1.442125
1.429215
1.460199
1.420178
1.435670
1.429215
1.425342
1.434379
1.431797
1.451162
1.434379
1.408560
1.431797
1.425342
1.447289
1.438252
1.435670
1.409851
1.438252
1.407269
1.429215
1.425342
1.436961
1.436961
1.449871
1.433088
1.471818
1.416305
1.416305
1.421469
1.427924
1.465363
1.439543
1.431797
1.420178
1.429215
1.412432
1.399523
1.426633
1.427924
1.395650
1.443416
1.430506
1.424051
1.435670
1.435670
1.404687
1.462781
1.426633
1.405978
1.425342
1.433088
1.448580
1.434379
1.453744
1.433088
1.438252
1.474400
1.440834
1.420178
1.457617
1.431797
1.429215
1.457617
1.433088
1.398232
1.461490
1.421469
1.429215
1.464072
1.430506
1.426633
1.425342
1.473109
1.426633
1.427924
1.442125
1.436961
1.429215
1.433088
1.471818
1.439543
1.438252
1.474400
1.439543
1.405978
1.442125
1.417596
1.457617
1.434379
1.421469
1.476982
1.434379
1.430506
1.467945
1.433088
1.429215
1.395650
1.473109
1.424051
1.431797
1.455035
1.424051
1.434379
1.455035
1.431797
1.455035
1.435670
1.422760
1.464072
1.418887
1.422760
1.476982
1.427924
1.422760
1.470527
1.436961
1.465363
1.443416
1.435670
1.467945
1.431797
1.426633
1.467945
1.433088
1.434379
1.480855
1.433088
1.405978
1.430506
1.427924
1.396941
1.427924
1.425342
1.474400
1.433088
1.433088
1.449871
1.429215
1.421469
1.400814
1.433088
1.420178
1.412432
1.421469
1.430506
1.400814
1.435670
1.433088
1.452453
1.430506
1.429215
1.420178
1.422760
1.433088
1.456326
1.435670
1.420178
1.439543
1.451162
1.434379
1.431797
1.458908
1.431797
1.458908
1.426633
1.429215
1.435670
1.417596
1.435670
1.404687
1.431797
1.420178
1.429215
1.429215
1.461490
1.417596
1.436961
1.434379
1.449871
1.435670
1.469236
1.438252
1.451162
1.416305
1.439543
1.408560
1.444707
1.425342
1.484728
1.434379
1.484728
1.430506
1.394359
1.433088
1.421469
1.453744
1.425342
1.415014
1.474400
1.435670
1.430506
1.389195
1.439543
1.433088
1.412432
1.443416
1.431797
1.407269
1.464072
1.434379
1.427924
1.417596
1.430506
1.421469
1.404687
1.443416
1.429215
1.425342
1.465363
1.439543
1.424051
1.458908
1.445998
1.440834
1.426633
1.440834
1.430506
1.395650
1.420178
1.429215
1.425342
1.427924
1.471818
1.430506
1.431797
1.429215
1.405978
1.431797
1.435670
1.434379
1.422760
1.447289
1.429215
1.403396
1.424051
1.429215
1.435670
1.416305
1.429215
1.470527
1.429215
1.405978
1.447289
1.430506
1.404687
1.443416
1.435670
1.424051
1.443416
1.420178
1.403396
1.464072
1.431797
1.429215
1.427924
1.433088
1.405978
1.431797
1.431797
1.404687
1.471818
1.422760
1.434379
1.422760
1.403396
1.473109
1.442125
1.427924
1.438252
1.469236
1.478273
1.438252
1.439543
1.436961
1.475691
1.440834
1.418887
1.404687
1.427924
1.429215
1.460199
1.435670
1.474400
1.434379
1.430506
1.451162
1.413723
1.416305
1.433088
1.427924
1.389195
1.433088
1.430506
1.442125
1.427924
1.460199
1.434379
1.405978
1.444707
1.429215
1.478273
1.418887
1.457617
1.425342
1.400814
1.421469
1.431797
1.476982
1.431797
1.464072
1.431797
1.408560
1.425342
1.427924
1.457617
1.425342
1.443416
1.420178
1.429215
1.438252
1.435670
1.471818
1.439543
1.433088
1.435670
1.436961
1.415014
1.444707
1.436961
1.466654
1.433088
1.405978
1.433088
1.405978
1.433088
1.429215
1.469236
1.424051
1.391777
1.430506
1.420178
1.425342
1.431797
1.424051
1.409851
1.465363
1.425342
1.430506
1.431797
1.442125
1.435670
1.474400
1.438252
1.426633
1.478273
1.417596
1.430506
1.467945
1.436961
1.424051
1.455035
1.443416
1.408560
1.448580
1.433088
1.430506
1.429215
1.438252
1.482146
1.426633
1.405978
1.444707
1.431797
1.451162
1.425342
1.476982
1.435670
1.429215
1.427924
1.452453
1.433088
1.435670
1.390486
1.433088
1.435670
1.434379
1.427924
1.435670
1.394359
1.433088
1.465363
1.429215
1.402105
1.420178
1.405978
1.426633
1.430506
1.448580
1.435670
1.473109
1.435670
1.412432
1.462781
1.424051
1.464072
1.438252
1.475691
1.429215
1.470527
1.427924
1.470527
1.438252
1.470527
1.431797
1.460199
1.435670
1.451162
1.433088
1.399523
1.431797
1.421469
1.421469
1.429215
1.424051
1.429215
1.425342
1.431797
1.475691
1.431797
1.400814
1.422760
1.442125
1.422760
1.451162
1.430506
1.453744
1.433088
1.421469
1.425342
1.425342
1.421469
1.425342
1.435670
1.434379
1.471818
1.435670
1.429215
1.473109
1.421469
1.403396
1.426633
1.434379
1.475691
1.427924
1.402105
1.440834
1.429215
1.408560
1.436961
1.431797
1.398232
1.445998
1.426633
1.430506
1.416305
1.422760
1.433088
1.464072
1.435670
1.434379
1.475691
1.430506
1.443416
1.430506
1.408560
1.433088
1.425342
1.435670
1.421469
1.447289
1.425342
1.470527
1.431797
1.429215
1.470527
1.435670
1.417596
1.442125
1.416305
1.439543
1.434379
1.471818
1.433088
1.421469
1.469236
1.433088
1.417596
1.457617
1.438252
1.415014
1.456326
1.430506
1.394359
1.433088
1.426633
1.474400
1.433088
1.471818
1.433088
1.421469
1.439543
1.433088
1.439543
1.431797
1.451162
1.431797
1.403396
1.431797
1.430506
1.407269
1.433088
1.430506
1.462781
1.433088
1.417596
1.455035
1.435670
1.412432
1.466654
1.436961
1.429215
1.447289
1.431797
1.471818
1.429215
1.422760
1.438252
1.430506
1.467945
1.415014
1.479564
1.429215
1.416305
1.473109
1.413723
1.427924
1.462781
1.439543
1.422760
1.411141
1.455035
1.436961
1.426633
1.460199
1.438252
1.435670
1.453744
1.442125
1.440834
1.416305
1.466654
1.433088
1.431797
1.424051
1.425342
1.469236
1.425342
1.436961
1.412432
1.456326
1.427924
1.418887
1.464072
1.421469
1.425342
1.439543
1.433088
1.434379
1.413723
1.464072
1.430506
1.400814
1.467945
1.438252
1.439543
1.390486
1.452453
1.433088
1.409851
1.440834
1.436961
1.416305
1.480855
1.434379
1.448580
1.433088
1.413723
1.469236
1.435670
1.416305
1.443416
1.431797
1.469236
1.427924
1.416305
1.445998
1.422760
1.393068
1.434379
1.418887
1.476982
1.433088
1.427924
1.479564
1.435670
1.427924
1.476982
1.427924
1.422760
1.400814
1.413723
1.427924
1.396941
1.427924
1.427924
1.479564
1.433088
1.387904
1.436961
1.436961
1.465363
1.439543
1.439543
1.443416
1.436961
1.431797
1.473109
1.431797
1.431797
1.412432
1.483437
1.425342
1.442125
1.433088
1.430506
1.465363
1.435670
1.407269
1.425342
1.431797
1.461490
1.431797
1.420178
1.471818
1.421469
1.439543
1.418887
1.412432
1.440834
1.429215
1.424051
1.434379
1.412432
1.469236
1.434379
1.466654
1.435670
1.399523
1.458908
1.424051
1.413723
1.436961
1.427924
1.440834
1.416305
1.449871
1.435670
1.469236
1.438252
1.420178
1.440834
1.424051
1.400814
1.420178
1.436961
1.476982
1.448580
1.440834
1.426633
1.474400
1.436961
1.422760
1.445998
1.429215
1.405978
1.422760
1.426633
1.447289
1.412432
1.422760
1.445998
1.429215
1.464072
1.433088
1.483437
1.424051
1.427924
1.427924
1.431797
1.405978
1.469236
1.433088
1.430506
1.466654
1.444707
1.430506
1.405978
1.448580
1.431797
1.417596
1.453744
1.442125
1.434379
1.425342
1.449871
1.435670
1.474400
1.434379
1.434379
1.479564
1.426633
1.424051
1.479564
1.425342
1.431797
1.399523
1.452453
1.429215
1.403396
1.475691
1.430506
1.418887
1.436961
1.430506
1.404687
1.425342
1.431797
1.438252
1.421469
1.425342
1.457617
1.430506
1.426633
1.451162
1.422760
1.486018
1.438252
1.444707
1.424051
1.422760
1.440834
1.433088
1.421469
1.471818
1.435670
1.422760
1.478273
1.431797
1.426633
1.453744
1.438252
1.417596
1.400814
1.436961
1.411141
1.474400
1.427924
1.429215
1.471818
1.435670
1.415014
1.429215
1.425342
1.396941
1.469236
1.444707
1.424051
1.436961
1.411141
1.461490
1.433088
1.426633
1.427924
1.465363
1.435670
1.436961
1.420178
1.483437
1.443416
1.421469
1.429215
1.404687
1.451162
1.431797
1.433088
1.461490
1.436961
1.435670
1.435670
1.418887
1.451162
1.449871
1.430506
1.408560
1.458908
1.424051
1.416305
1.476982
1.420178
1.431797
1.451162
1.427924
1.396941
1.427924
1.426633
1.402105
1.426633
1.434379
1.478273
1.433088
1.436961
1.430506
1.434379
1.478273
1.436961
1.436961
1.416305
1.439543
1.434379
1.448580
1.434379
1.418887
1.447289
1.435670
1.475691
1.426633
1.449871
1.430506
1.420178
1.475691
1.427924
1.399523
1.442125
1.420178
1.479564
1.431797
1.462781
1.427924
1.433088
1.422760
1.399523
1.433088
1.425342
1.427924
1.426633
1.478273
1.435670
1.471818
1.440834
1.449871
1.436961
1.407269
1.452453
1.433088
1.420178
1.457617
1.429215
1.430506
1.456326
1.425342
1.415014
1.476982
1.430506
1.435670
1.474400
1.434379
1.390486
1.438252
1.431797
1.478273
1.436961
1.408560
1.429215
1.429215
1.456326
1.431797
1.480855
1.438252
1.403396
1.443416
1.433088
1.443416
1.427924
1.431797
1.421469
1.451162
1.431797
1.430506
1.395650
1.438252
1.424051
1.424051
1.478273
1.420178
1.424051
1.448580
1.438252
1.435670
1.421469
1.448580
1.435670
1.433088
1.399523
1.483437
1.436961
1.434379
1.431797
1.480855
1.433088
1.431797
1.482146
1.434379
1.390486
1.466654
1.430506
1.424051
1.460199
1.430506
1.434379
1.464072
1.424051
1.430506
1.405978
1.473109
1.422760
1.425342
1.464072
1.429215
1.398232
1.430506
1.430506
1.469236
1.429215
1.425342
1.474400
1.429215
1.429215
1.465363
1.424051
1.413723
1.445998
1.427924
1.447289
1.451162
1.431797
1.409851
1.442125
1.433088
1.416305
1.474400
1.429215
1.431797
1.435670
1.442125
1.443416
1.429215
1.403396
1.435670
1.425342
1.417596
1.480855
1.436961
1.435670
1.462781
1.426633
1.403396
1.429215
1.431797
1.421469
1.480855
1.436961
1.434379
1.407269
1.435670
1.436961
1.474400
1.421469
1.404687
1.438252
1.430506
1.465363
1.434379
1.452453
1.436961
1.424051
1.474400
1.416305
1.429215
1.474400
1.431797
1.433088
1.396941
1.440834
1.431797
1.404687
1.461490
1.434379
1.415014
1.445998
1.435670
1.461490
1.425342
1.429215
1.439543
1.431797
1.467945
1.434379
1.469236
1.435670
1.483437
1.435670
1.457617
1.433088
1.457617
1.424051
1.434379
1.402105
1.429215
1.452453
1.430506
1.462781
1.407269
1.430506
1.444707
1.427924
1.429215
1.398232
1.426633
1.433088
1.411141
1.429215
1.393068
1.422760
1.398232
1.417596
1.420178
1.433088
1.433088
1.473109
1.413723
1.467945
1.424051
1.438252
1.435670
1.413723
1.435670
1.404687
1.434379
1.427924
1.471818
1.438252
1.420178
1.461490
1.429215
1.399523
1.430506
1.420178
1.443416
1.434379
1.470527
1.416305
1.469236
1.427924
1.403396
1.425342
1.424051
1.449871
1.434379
1.469236
1.439543
1.424051
1.438252
1.429215
1.455035
1.429215
1.476982
1.421469
1.483437
1.439543
1.486018
1.439543
1.453744
1.436961
1.416305
1.427924
1.444707
1.434379
1.430506
1.435670
1.447289
1.433088
1.404687
1.429215
1.424051
1.460199
1.429215
1.398232
1.427924
1.435670
1.443416
1.430506
1.417596
1.475691
1.431797
1.415014
1.462781
1.427924
1.482146
1.433088
1.426633
1.455035
1.436961
1.453744
1.431797
1.434379
1.482146
1.435670
1.421469
1.452453
1.433088
1.469236
1.431797
1.403396
1.422760
1.429215
1.474400
1.430506
1.405978
1.426633
1.429215
1.445998
1.435670
1.426633
1.442125
1.431797
1.425342
1.422760
1.427924
1.465363
1.417596
1.402105
1.436961
1.387904
1.438252
1.433088
1.482146
1.431797
1.418887
1.456326
1.434379
1.429215
1.440834
1.409851
1.439543
1.429215
1.447289
1.422760
1.426633
1.445998
1.436961
1.430506
1.458908
1.434379
1.424051
1.407269
1.433088
1.433088
1.470527
1.431797
1.435670
1.430506
1.443416
1.431797
1.430506
1.476982
1.420178
1.417596
1.393068
1.429215
1.426633
1.475691
1.430506
1.431797
1.465363
1.438252
1.431797
1.479564
1.431797
1.430506
1.466654
1.438252
1.417596
1.482146
1.433088
1.415014
1.436961
1.452453
1.434379
1.466654
1.430506
1.398232
1.421469
1.431797
1.471818
1.424051
1.431797
1.475691
1.434379
1.399523
1.440834
1.440834
1.466654
1.447289
1.436961
1.448580
1.436961
1.435670
1.470527
1.426633
1.420178
1.457617
1.424051
1.443416
1.420178
1.411141
1.431797
1.421469
1.456326
1.426633
1.421469
1.476982
1.430506
1.421469
1.474400
1.424051
1.411141
1.447289
1.431797
1.430506
1.427924
1.422760
1.474400
1.429215
1.436961
1.483437
1.436961
1.431797
1.396941
1.444707
1.427924
1.474400
1.430506
1.409851
1.430506
1.425342
1.438252
1.431797
1.467945
1.435670
1.422760
1.466654
1.435670
1.429215
1.407269
1.480855
1.431797
1.429215
1.416305
1.435670
1.435670
1.434379
1.436961
1.436961
1.422760
1.431797
1.461490
1.427924
1.426633
1.429215
1.447289
1.434379
1.430506
1.403396
1.458908
1.430506
1.434379
1.413723
1.458908
1.430506
1.427924
1.475691
1.435670
1.426633
1.465363
1.431797
1.405978
1.444707
1.433088
1.434379
1.385322
1.475691
1.426633
1.431797
1.439543
1.431797
1.429215
1.445998
1.433088
1.429215
1.403396
1.434379
1.431797
1.426633
1.476982
1.427924
1.427924
1.466654
1.429215
1.415014
1.445998
1.436961
1.417596
1.440834
1.435670
1.453744
1.429215
1.431797
1.443416
1.430506
1.429215
1.466654
1.434379
1.416305
1.474400
1.431797
1.478273
1.434379
1.405978
1.433088
1.436961
1.478273
1.424051
1.405978
1.462781
1.418887
1.425342
1.466654
1.434379
1.387904
1.469236
1.418887
1.430506
1.471818
1.429215
1.431797
1.464072
1.416305
1.426633
1.427924
1.434379
1.433088
1.480855
1.434379
1.416305
1.455035
1.435670
1.425342
1.403396
1.442125
1.429215
1.430506
1.466654
1.431797
1.427924
1.470527
1.430506
1.425342
1.442125
1.435670
1.408560
1.442125
1.434379
1.462781
1.442125
1.434379
1.444707
1.421469
1.421469
1.429215
1.422760
1.451162
1.422760
1.411141
1.439543
1.431797
1.402105
1.434379
1.425342
1.430506
1.422760
1.445998
1.430506
1.405978
1.470527
1.424051
1.407269
1.440834
1.425342
1.456326
1.421469
1.460199
1.431797
1.413723
1.433088
1.431797
1.462781
1.426633
1.374994
1.431797
1.431797
1.461490
1.434379
1.445998
1.436961
1.389195
1.435670
1.421469
1.435670
1.400814
1.434379
1.390486
1.440834
1.435670
1.448580
1.433088
1.448580
1.429215
1.407269
1.436961
1.427924
1.466654
1.435670
1.462781
1.438252
1.457617
1.429215
1.471818
1.416305
1.476982
1.429215
1.449871
1.431797
1.408560
1.429215
1.425342
1.461490
1.426633
1.458908
1.436961
1.426633
1.474400
1.431797
1.429215
1.429215
1.426633
1.435670
1.430506
1.471818
1.431797
1.424051
1.460199
1.433088
1.442125
1.439543
1.433088
1.431797
1.449871
1.438252
1.426633
1.455035
1.422760
1.430506
1.476982
1.438252
1.435670
1.429215
1.479564
1.439543
1.434379
1.471818
1.429215
1.438252
1.426633
1.478273
1.429215
1.455035
1.431797
1.416305
1.471818
1.424051
1.434379
1.465363
1.429215
1.429215
1.471818
1.421469
1.434379
1.469236
1.435670
1.420178
1.461490
1.427924
1.402105
1.448580
1.438252
1.436961
1.475691
1.425342
1.434379
1.402105
1.439543
1.430506
1.469236
1.438252
1.429215
1.453744
1.435670
1.427924
1.461490
1.438252
1.474400
1.438252
1.389195
1.438252
1.431797
1.473109
1.431797
1.422760
1.436961
1.426633
1.424051
1.407269
1.461490
1.430506
1.431797
1.422760
1.474400
1.430506
1.433088
1.438252
1.421469
1.426633
1.384031
1.471818
1.426633
1.427924
1.382740
1.474400
1.418887
1.431797
1.405978
1.427924
1.438252
1.478273
1.433088
1.434379
1.452453
1.430506
1.421469
1.452453
1.435670
1.466654
1.434379
1.407269
1.433088
1.434379
1.462781
1.433088
1.466654
1.429215
1.473109
1.418887
1.418887
1.433088
1.427924
1.443416
1.431797
1.456326
1.420178
1.440834
1.416305
1.430506
1.403396
1.438252
1.430506
1.434379
1.439543
1.431797
1.447289
1.429215
1.399523
1.415014
1.395650
1.433088
1.407269
1.449871
1.427924
1.398232
1.433088
1.417596
1.476982
1.427924
1.465363
1.430506
1.399523
1.425342
1.429215
1.445998
1.422760
1.474400
1.439543
1.483437
1.422760
1.394359
1.417596
1.431797
1.475691
1.442125
1.439543
1.473109
1.439543
1.434379
1.460199
1.434379
1.431797
1.465363
1.431797
1.431797
1.433088
1.430506
1.451162
1.433088
1.405978
1.439543
1.427924
1.405978
1.460199
1.434379
1.422760
1.464072
1.424051
1.427924
1.478273
1.434379
1.418887
1.391777
1.435670
1.436961
1.467945
1.429215
1.480855
1.427924
1.425342
1.474400
1.415014
1.427924
1.390486
1.453744
1.416305
1.413723
1.440834
1.426633
1.417596
1.430506
1.424051
1.476982
1.422760
1.412432
1.466654
1.430506
1.429215
1.404687
1.438252
1.431797
1.434379
1.457617
1.439543
1.430506
1.473109
1.435670
1.422760
1.447289
1.433088
1.480855
1.431797
1.430506
1.475691
1.430506
1.424051
1.461490
1.431797
1.429215
1.433088
1.433088
1.426633
1.430506
1.436961
1.431797
1.394359
1.469236
1.427924
1.418887
1.458908
1.438252
1.435670
1.470527
1.435670
1.434379
1.418887
1.438252
1.422760
1.464072
1.434379
1.431797
1.464072
1.425342
1.421469
1.467945
1.425342
1.412432
1.434379
1.436961
1.439543
1.400814
1.421469
1.416305
1.433088
1.413723
1.440834
1.435670
1.426633
1.411141
1.426633
1.430506
1.460199
1.430506
1.434379
1.422760
1.430506
1.417596
1.430506
1.427924
1.434379
1.429215
1.461490
1.425342
1.457617
1.440834
1.405978
1.438252
1.434379
1.474400
1.427924
1.483437
1.431797
1.466654
1.416305
1.475691
1.433088
1.447289
1.438252
1.434379
1.436961
1.462781
1.434379
1.440834
1.427924
1.431797
1.421469
1.476982
1.435670
1.416305
1.440834
1.407269
1.430506
1.424051
1.458908
1.434379
1.479564
1.431797
1.467945
1.433088
1.476982
1.429215
1.456326
1.427924
1.427924
1.425342
1.456326
1.426633
1.452453
1.430506
1.447289
1.431797
1.469236
1.431797
1.436961
1.436961
1.467945
1.433088
1.399523
1.416305
1.417596
1.422760
1.399523
1.431797
1.417596
1.436961
1.416305
1.434379
1.483437
1.434379
1.426633
1.400814
1.431797
1.399523
1.439543
1.416305
1.435670
1.422760
1.422760
1.425342
1.424051
1.417596
1.426633
1.417596
1.433088
1.421469
1.435670
1.408560
1.436961
1.430506
1.421469
1.466654
1.433088
1.460199
1.436961
1.421469
1.434379
1.405978
1.425342
1.417596
1.444707
1.436961
1.449871
1.433088
1.442125
1.409851
1.436961
1.405978
1.420178
1.393068
1.430506
1.425342
1.418887
1.394359
1.422760
1.395650
1.435670
1.433088
1.453744
1.425342
1.421469
1.427924
1.451162
1.429215
1.455035
1.433088
1.462781
1.433088
1.438252
1.433088
1.467945
1.436961
1.440834
1.408560
1.431797
1.474400
1.430506
1.445998
1.431797
1.407269
1.425342
1.429215
1.430506
1.431797
1.400814
1.434379
1.460199
1.433088
1.422760
1.417596
1.425342
1.433088
1.452453
1.425342
1.483437
1.434379
1.471818
1.434379
1.479564
1.427924
1.435670
1.399523
1.416305
1.445998
1.427924
1.476982
1.427924
1.482146
1.435670
1.469236
1.431797
1.440834
1.427924
1.394359
1.434379
1.470527
1.431797
1.426633
1.431797
1.455035
1.433088
1.474400
1.430506
1.453744
1.434379
1.464072
1.434379
1.433088
1.420178
1.418887
1.427924
1.475691
1.429215
1.389195
1.433088
1.417596
1.425342
1.415014
1.430506
1.420178
1.435670
1.424051
1.431797
1.378867
1.429215
1.466654
1.417596
1.476982
1.431797
1.430506
1.465363
1.427924
1.460199
1.424051
1.442125
1.418887
1.424051
1.469236
1.430506
1.462781
1.416305
1.479564
1.438252
1.445998
1.434379
1.447289
1.431797
1.436961
1.448580
1.433088
1.461490
1.434379
1.476982
1.435670
1.461490
1.434379
1.438252
1.444707
1.431797
1.467945
1.435670
1.443416
1.433088
1.411141
1.422760
1.395650
1.420178
1.422760
1.445998
1.429215
1.434379
1.408560
1.427924
1.427924
1.429215
1.473109
1.430506
1.443416
1.429215
1.439543
1.396941
1.430506
1.433088
1.430506
1.452453
1.433088
1.439543
1.420178
1.471818
1.427924
1.465363
1.424051
1.460199
1.431797
1.466654
1.435670
1.466654
1.431797
1.429215
1.470527
1.429215
1.464072
1.425342
1.394359
1.427924
1.416305
1.435670
1.411141
1.440834
1.484728
1.431797
1.475691
1.439543
1.440834
1.429215
1.436961
1.405978
1.439543
1.467945
1.430506
1.404687
1.440834
1.424051
1.476982
1.418887
1.421469
1.425342
1.404687
1.431797
1.424051
1.455035
1.427924
1.458908
1.427924
1.469236
1.426633
1.416305
1.407269
1.430506
1.479564
1.433088
1.445998
1.422760
1.431797
1.464072
1.433088
1.439543
1.411141
1.430506
1.429215
1.429215
1.400814
1.429215
1.436961
1.473109
1.438252
1.440834
1.429215
1.456326
1.440834
1.457617
1.431797
1.460199
1.429215
1.469236
1.431797
1.473109
1.430506
1.403396
1.433088
1.422760
1.404687
1.430506
1.389195
1.433088
1.427924
