1.417936
1.417936
1.401188
1.389592
1.381862
1.389592
1.402476
1.405053
1.401188
1.406341
1.429531
1.435973
1.437261
1.441126
1.442415
1.439838
1.448856
1.472047
1.478488
1.482353
1.472047
1.448856
1.461740
1.441126
1.424378
1.412783
1.403764
1.385727
1.368979
1.363825
1.357384
1.371556
1.390881
1.424378
1.428243
1.428243
1.438550
1.460452
1.457875
1.460452
1.472047
1.464317
1.472047
1.487507
1.455298
1.434685
1.429531
1.417936
1.429531
1.417936
1.424378
1.446280
1.434685
1.450145
1.456587
1.479777
1.519716
1.545482
1.544194
1.541617
1.519716
1.495237
1.463028
1.406341
1.358672
1.345789
1.348365
1.365114
1.381862
1.403764
1.424378
1.421801
1.421801
1.393457
1.375421
1.379286
1.372844
1.370267
1.366402
1.390881
1.387016
1.396034
1.416648
1.442415
1.446280
1.446280
1.460452
1.473335
1.473335
1.466893
1.475912
1.501679
1.497814
1.497814
1.473335
1.459163
1.457875
1.443703
1.451433
1.465605
1.441126
1.429531
1.446280
1.428243
1.415359
1.424378
1.420513
1.415359
1.421801
1.398611
1.387016
1.370267
1.372844
1.399899
1.406341
1.425666
1.439838
1.443703
1.472047
1.472047
1.457875
1.457875
1.448856
1.459163
1.439838
1.414071
1.392169
1.389592
1.403764
1.443703
1.444991
1.447568
1.433396
1.425666
1.429531
1.419224
1.394746
1.398611
1.399899
1.424378
1.444991
1.447568
1.430820
1.438550
1.421801
1.424378
1.451433
1.463028
1.496525
1.487507
1.487507
1.497814
1.474623
1.474623
1.434685
1.416648
1.430820
1.408918
1.397323
1.416648
1.417936
1.411494
1.412783
1.429531
1.461740
1.439838
1.434685
1.426955
1.426955
1.428243
1.423089
1.437261
1.417936
1.442415
1.451433
1.460452
1.457875
1.451433
1.446280
1.432108
1.433396
1.406341
1.412783
1.407629
1.423089
1.441126
1.443703
1.433396
1.428243
1.439838
1.414071
1.430820
1.419224
1.429531
1.428243
1.443703
1.435973
1.459163
1.450145
1.466893
1.506832
1.532599
1.528734
1.487507
1.472047
1.442415
1.439838
1.423089
1.420513
1.414071
1.407629
1.397323
1.408918
1.410206
1.421801
1.402476
1.375421
1.377997
1.350942
1.341924
1.368979
1.365114
1.372844
1.380574
1.402476
1.419224
1.428243
1.434685
1.433396
1.435973
1.454010
1.426955
1.438550
1.439838
1.437261
1.451433
1.444991
1.437261
1.429531
1.432108
1.438550
1.435973
1.456587
1.446280
1.457875
1.454010
1.466893
1.446280
1.446280
1.454010
1.451433
1.435973
1.421801
1.405053
1.414071
1.412783
1.429531
1.430820
1.460452
1.474623
1.488795
1.486219
1.482353
1.465605
1.463028
1.468182
1.459163
1.456587
1.435973
1.424378
1.399899
1.410206
1.433396
1.420513
1.430820
1.407629
1.426955
1.402476
1.410206
1.405053
1.425666
1.416648
1.439838
1.444991
1.441126
1.428243
1.397323
1.399899
1.426955
1.454010
1.482353
1.487507
1.466893
1.448856
1.432108
1.435973
1.434685
1.447568
1.444991
1.451433
1.464317
1.488795
1.526157
1.535176
1.541617
1.495237
1.473335
1.441126
1.429531
1.388304
1.365114
1.345789
1.345789
1.348365
1.347077
1.353519
1.344500
1.356095
1.347077
1.359960
1.372844
1.416648
1.432108
1.463028
1.472047
1.483642
1.461740
1.444991
1.423089
1.429531
1.446280
1.437261
1.470758
1.474623
1.488795
1.486219
1.465605
1.465605
1.441126
1.430820
1.375421
1.376709
1.379286
1.379286
1.394746
1.392169
1.397323
1.419224
1.421801
1.410206
1.429531
1.450145
1.454010
1.444991
1.437261
1.460452
1.423089
1.414071
1.396034
1.426955
1.441126
1.495237
1.484930
1.491372
1.493949
1.497814
1.514562
1.502967
1.500390
1.499102
1.461740
1.447568
1.456587
1.443703
1.433396
1.439838
1.437261
1.424378
1.401188
1.401188
1.412783
1.407629
1.423089
1.420513
1.417936
1.420513
1.403764
1.388304
1.398611
1.393457
1.368979
1.361249
1.359960
1.359960
1.390881
1.393457
1.410206
1.428243
1.447568
1.455298
1.469470
1.450145
1.465605
1.474623
1.481065
1.478488
1.475912
1.473335
1.487507
1.481065
1.487507
1.500390
1.496525
1.465605
1.454010
1.443703
1.459163
1.441126
1.416648
1.367691
1.352230
1.383151
1.398611
1.407629
1.439838
1.435973
1.451433
1.437261
1.441126
1.405053
1.405053
1.385727
1.366402
1.357384
1.344500
1.344500
1.359960
1.372844
1.381862
1.394746
1.423089
1.435973
1.461740
1.463028
1.452721
1.460452
1.463028
1.451433
1.464317
1.447568
1.465605
1.484930
1.470758
1.457875
1.444991
1.446280
1.420513
1.438550
1.444991
1.450145
1.464317
1.493949
1.514562
1.496525
1.487507
1.443703
1.438550
1.442415
1.469470
1.452721
1.461740
1.463028
1.483642
1.491372
1.491372
1.487507
1.444991
1.423089
1.403764
1.411494
1.381862
1.388304
1.356095
1.344500
1.343212
1.340635
1.370267
1.381862
1.408918
1.430820
1.435973
1.438550
1.454010
1.450145
1.429531
1.446280
1.443703
1.450145
1.444991
1.442415
1.430820
1.414071
1.430820
1.429531
1.442415
1.459163
1.451433
1.434685
1.439838
1.411494
1.385727
1.376709
1.401188
1.424378
1.423089
1.415359
1.407629
1.415359
1.420513
1.419224
1.428243
1.442415
1.460452
1.474623
1.487507
1.491372
1.484930
1.495237
1.470758
1.447568
1.439838
1.433396
1.432108
1.450145
1.443703
1.424378
1.435973
1.478488
1.491372
1.504255
1.496525
1.514562
1.496525
1.486219
1.474623
1.448856
1.434685
1.425666
1.412783
1.390881
1.384439
1.376709
1.403764
1.415359
1.411494
1.401188
1.374132
1.349654
1.358672
1.359960
1.356095
1.349654
1.329040
1.339347
1.354807
1.384439
1.423089
1.414071
1.402476
1.408918
1.415359
1.447568
1.472047
1.473335
1.482353
1.508120
1.482353
1.472047
1.473335
1.451433
1.448856
1.460452
1.482353
1.466893
1.477200
1.481065
1.477200
1.478488
1.473335
1.439838
1.435973
1.426955
1.421801
1.414071
1.415359
1.416648
1.439838
1.428243
1.414071
1.396034
1.407629
1.420513
1.438550
1.446280
1.473335
1.493949
1.491372
1.521004
1.513274
1.509409
1.491372
1.465605
1.460452
1.444991
1.443703
1.450145
1.456587
1.493949
1.484930
1.473335
1.472047
1.460452
1.456587
1.421801
1.416648
1.411494
1.371556
1.361249
1.348365
1.339347
1.372844
1.389592
1.383151
1.388304
1.397323
1.394746
1.410206
1.405053
1.403764
1.412783
1.411494
1.441126
1.433396
1.450145
1.434685
1.466893
1.454010
1.466893
1.459163
1.461740
1.463028
1.420513
1.410206
1.423089
1.426955
1.426955
1.435973
1.423089
1.441126
1.424378
1.414071
1.411494
1.432108
1.421801
1.415359
1.430820
1.461740
1.442415
1.442415
1.460452
1.459163
1.442415
1.420513
1.415359
1.419224
1.435973
1.430820
1.420513
1.429531
1.447568
1.407629
1.379286
1.374132
1.397323
1.417936
1.438550
1.424378
1.424378
1.430820
1.417936
1.425666
1.398611
1.402476
1.438550
1.443703
1.450145
1.457875
1.433396
1.416648
1.419224
1.420513
1.437261
1.437261
1.435973
1.430820
1.435973
1.464317
1.465605
1.470758
1.460452
1.432108
1.448856
1.432108
1.433396
1.437261
1.447568
1.466893
1.447568
1.469470
1.460452
1.478488
1.473335
1.475912
1.456587
1.437261
1.437261
1.417936
1.421801
1.433396
1.423089
1.421801
1.424378
1.403764
1.387016
1.374132
1.402476
1.410206
1.412783
1.425666
1.426955
1.432108
1.443703
1.454010
1.452721
1.472047
1.469470
1.477200
1.477200
1.490084
1.459163
1.447568
1.416648
1.403764
1.405053
1.411494
1.428243
1.412783
1.384439
1.354807
1.361249
1.357384
1.383151
1.416648
1.424378
1.432108
1.443703
1.441126
1.455298
1.447568
1.448856
1.414071
1.414071
1.424378
1.444991
1.442415
1.466893
1.469470
1.472047
1.469470
1.469470
1.482353
1.460452
1.454010
1.468182
1.452721
1.490084
1.484930
1.505544
1.519716
1.486219
1.468182
1.433396
1.421801
1.447568
1.443703
1.439838
1.439838
1.434685
1.421801
1.397323
1.390881
1.390881
1.383151
1.371556
1.392169
1.434685
1.420513
1.424378
1.411494
1.442415
1.420513
1.398611
1.375421
1.348365
1.356095
1.343212
1.352230
1.375421
1.385727
1.398611
1.426955
1.451433
1.472047
1.499102
1.499102
1.484930
1.481065
1.466893
1.466893
1.455298
1.456587
1.460452
1.457875
1.465605
1.466893
1.477200
1.443703
1.457875
1.452721
1.461740
1.482353
1.487507
1.486219
1.475912
1.474623
1.434685
1.430820
1.411494
1.406341
1.392169
1.411494
1.392169
1.389592
1.368979
1.352230
1.332905
1.322598
1.339347
1.347077
1.374132
1.414071
1.455298
1.452721
1.460452
1.468182
1.461740
1.447568
1.442415
1.425666
1.408918
1.408918
1.430820
1.442415
1.474623
1.491372
1.497814
1.472047
1.444991
1.423089
1.443703
1.465605
1.486219
1.510697
1.474623
1.439838
1.426955
1.389592
1.399899
1.384439
1.396034
1.392169
1.421801
1.435973
1.468182
1.452721
1.450145
1.452721
1.443703
1.441126
1.452721
1.444991
1.460452
1.463028
1.461740
1.451433
1.447568
1.460452
1.456587
1.465605
1.438550
1.433396
1.401188
1.374132
1.383151
1.398611
1.403764
1.403764
1.414071
1.420513
1.433396
1.407629
1.411494
1.432108
1.434685
1.432108
1.433396
1.434685
1.432108
1.434685
1.441126
1.423089
1.416648
1.433396
1.426955
1.437261
1.470758
1.478488
1.468182
1.474623
1.460452
1.465605
1.432108
1.420513
1.415359
1.402476
1.411494
1.429531
1.466893
1.483642
1.501679
1.526157
1.496525
1.472047
1.442415
1.441126
1.425666
1.423089
1.397323
1.380574
1.361249
1.371556
1.377997
1.397323
1.407629
1.426955
1.424378
1.421801
1.412783
1.421801
1.442415
1.425666
1.439838
1.468182
1.486219
1.505544
1.504255
1.517139
1.487507
1.472047
1.435973
1.417936
1.424378
1.414071
1.412783
1.432108
1.437261
1.420513
1.423089
1.423089
1.412783
1.416648
1.429531
1.423089
1.419224
1.406341
1.423089
1.417936
1.401188
1.405053
1.406341
1.426955
1.435973
1.439838
1.461740
1.444991
1.474623
1.465605
1.456587
1.455298
1.457875
1.438550
1.428243
1.446280
1.430820
1.416648
1.408918
1.399899
1.416648
1.411494
1.408918
1.396034
1.384439
1.385727
1.401188
1.430820
1.414071
1.417936
1.434685
1.442415
1.465605
1.443703
1.435973
1.439838
1.423089
1.416648
1.415359
1.416648
1.388304
1.379286
1.410206
1.441126
1.461740
1.461740
1.461740
1.470758
1.491372
1.481065
1.477200
1.465605
1.451433
1.439838
1.434685
1.447568
1.443703
1.433396
1.428243
1.426955
1.430820
1.414071
1.388304
1.402476
1.428243
1.444991
1.463028
1.492660
1.470758
1.461740
1.464317
1.473335
1.469470
1.443703
1.429531
1.416648
1.398611
1.388304
1.380574
1.381862
1.402476
1.411494
1.429531
1.439838
1.459163
1.464317
1.464317
1.430820
1.406341
1.392169
1.388304
1.397323
1.416648
1.424378
1.426955
1.452721
1.474623
1.477200
1.491372
1.483642
1.501679
1.496525
1.497814
1.492660
1.469470
1.461740
1.448856
1.441126
1.451433
1.443703
1.444991
1.451433
1.452721
1.435973
1.410206
1.389592
1.408918
1.416648
1.430820
1.411494
1.402476
1.394746
1.393457
1.374132
1.389592
1.381862
1.392169
1.388304
1.408918
1.416648
1.428243
1.420513
1.420513
1.419224
1.441126
1.426955
1.430820
1.452721
1.447568
1.481065
1.518427
1.524869
1.517139
1.513274
1.524869
1.487507
1.487507
1.468182
1.438550
1.421801
1.420513
1.417936
1.421801
1.434685
1.412783
1.398611
1.405053
1.379286
1.367691
1.380574
1.398611
1.425666
1.437261
1.448856
1.486219
1.479777
1.469470
1.473335
1.433396
1.421801
1.454010
1.450145
1.435973
1.434685
1.402476
1.399899
1.408918
1.424378
1.446280
1.456587
1.443703
1.441126
1.402476
1.380574
1.371556
1.372844
1.379286
1.397323
1.408918
1.416648
1.437261
1.454010
1.457875
1.455298
1.443703
1.424378
1.410206
1.424378
1.423089
1.433396
1.459163
1.463028
1.466893
1.472047
1.450145
1.429531
1.428243
1.429531
1.429531
1.442415
1.468182
1.468182
1.457875
1.454010
1.442415
1.423089
1.398611
1.379286
1.394746
1.399899
1.429531
1.444991
1.452721
1.441126
1.430820
1.441126
1.438550
1.437261
1.437261
1.419224
1.415359
1.421801
1.407629
1.411494
1.416648
1.417936
1.403764
1.403764
1.424378
1.444991
1.481065
1.481065
1.465605
1.460452
1.463028
1.455298
1.443703
1.438550
1.435973
1.435973
1.439838
1.439838
1.430820
1.424378
1.423089
1.396034
1.370267
1.367691
1.381862
1.410206
1.403764
1.401188
1.423089
1.475912
1.482353
1.487507
1.488795
1.495237
1.537752
1.535176
1.519716
1.500390
1.495237
1.459163
1.444991
1.420513
1.414071
1.434685
1.425666
1.432108
1.434685
1.408918
1.396034
1.387016
1.368979
1.367691
1.394746
1.443703
1.425666
1.411494
1.405053
1.430820
1.424378
1.429531
1.451433
1.450145
1.450145
1.447568
1.457875
1.430820
1.421801
1.417936
1.423089
1.437261
1.439838
1.456587
1.466893
1.429531
1.419224
1.433396
1.424378
1.423089
1.414071
1.411494
1.392169
1.398611
1.385727
1.396034
1.396034
1.428243
1.424378
1.423089
1.437261
1.410206
1.415359
1.456587
1.473335
1.491372
1.473335
1.472047
1.450145
1.446280
1.433396
1.433396
1.415359
1.423089
1.408918
1.419224
1.403764
1.426955
1.424378
1.437261
1.424378
1.456587
1.460452
1.488795
1.508120
1.502967
1.490084
1.478488
1.455298
1.439838
1.425666
1.437261
1.416648
1.403764
1.399899
1.412783
1.429531
1.441126
1.451433
1.446280
1.443703
1.438550
1.423089
1.426955
1.419224
1.433396
1.456587
1.435973
1.437261
1.429531
1.425666
1.415359
1.380574
1.384439
1.358672
1.375421
1.385727
1.405053
1.415359
1.438550
1.432108
1.446280
1.430820
1.405053
1.387016
1.375421
1.394746
1.403764
1.405053
1.387016
1.377997
1.392169
1.419224
1.433396
1.438550
1.417936
1.432108
1.429531
1.465605
1.464317
1.505544
1.500390
1.486219
1.479777
1.478488
1.508120
1.495237
1.492660
1.497814
1.475912
1.469470
1.442415
1.448856
1.441126
1.434685
1.446280
1.437261
1.424378
1.417936
1.425666
1.433396
1.428243
1.430820
1.432108
1.460452
1.463028
1.464317
1.446280
1.451433
1.416648
1.380574
1.367691
1.383151
1.368979
1.361249
1.357384
1.370267
1.389592
1.416648
1.428243
1.426955
1.433396
1.428243
1.443703
1.432108
1.416648
1.416648
1.434685
1.454010
1.456587
1.460452
1.474623
1.457875
1.459163
1.450145
1.463028
1.448856
1.437261
1.460452
1.459163
1.446280
1.434685
1.423089
1.408918
1.423089
1.401188
1.402476
1.423089
1.446280
1.465605
1.477200
1.475912
1.463028
1.460452
1.450145
1.438550
1.434685
1.428243
1.441126
1.430820
1.424378
1.425666
1.417936
1.408918
1.420513
1.426955
1.416648
1.402476
1.406341
1.447568
1.466893
1.446280
1.421801
1.429531
1.420513
1.405053
1.396034
1.397323
1.397323
1.410206
1.410206
1.412783
1.425666
1.438550
1.461740
1.504255
1.497814
1.486219
1.474623
1.468182
1.463028
1.432108
1.412783
1.419224
1.405053
1.415359
1.415359
1.426955
1.459163
1.452721
1.446280
1.446280
1.452721
1.438550
1.420513
1.411494
1.410206
1.410206
1.420513
1.438550
1.437261
1.466893
1.482353
1.482353
1.478488
1.465605
1.446280
1.441126
1.415359
1.405053
1.393457
1.411494
1.410206
1.412783
1.428243
1.438550
1.435973
1.443703
1.454010
1.463028
1.432108
1.423089
1.437261
1.421801
1.414071
1.416648
1.416648
1.408918
1.384439
1.372844
1.375421
1.396034
1.425666
1.460452
1.497814
1.486219
1.473335
1.443703
1.451433
1.448856
1.448856
1.446280
1.438550
1.442415
1.432108
1.429531
1.423089
1.437261
1.417936
1.412783
1.411494
1.425666
1.424378
1.433396
1.414071
1.405053
1.393457
1.383151
1.398611
1.429531
1.430820
1.446280
1.463028
1.441126
1.430820
1.437261
1.444991
1.468182
1.452721
1.441126
1.447568
1.434685
1.426955
1.433396
1.417936
1.419224
1.443703
1.441126
1.443703
1.454010
1.430820
1.424378
1.434685
1.421801
1.429531
1.424378
1.421801
1.434685
1.437261
1.442415
1.477200
1.466893
1.469470
1.452721
1.466893
1.451433
1.454010
1.434685
1.420513
1.439838
1.433396
1.438550
1.425666
1.410206
1.419224
1.430820
1.457875
1.475912
1.466893
1.442415
1.444991
1.441126
1.441126
1.450145
1.452721
1.442415
1.442415
1.433396
1.424378
1.421801
1.407629
1.407629
1.415359
1.447568
1.442415
1.434685
1.454010
1.457875
1.464317
1.469470
1.448856
1.425666
1.416648
1.424378
1.426955
1.428243
1.454010
1.457875
1.451433
1.439838
1.425666
1.419224
1.396034
1.388304
1.398611
1.402476
1.419224
1.425666
1.429531
1.439838
1.432108
1.438550
1.420513
1.439838
1.444991
1.448856
1.450145
1.444991
1.426955
1.425666
1.423089
1.410206
1.396034
1.390881
1.375421
1.381862
1.414071
1.421801
1.432108
1.451433
1.450145
1.459163
1.448856
1.447568
1.450145
1.468182
1.455298
1.452721
1.428243
1.433396
1.420513
1.432108
1.425666
1.434685
1.432108
1.450145
1.447568
1.439838
1.430820
1.442415
1.437261
1.434685
1.429531
1.425666
1.448856
1.430820
1.421801
1.425666
1.420513
1.437261
1.415359
1.412783
1.384439
1.406341
1.407629
1.417936
1.420513
1.437261
1.461740
1.472047
1.473335
1.451433
1.437261
1.408918
1.377997
1.371556
1.344500
1.362537
1.401188
1.426955
1.454010
1.452721
1.450145
1.456587
1.464317
1.464317
1.477200
1.472047
1.482353
1.470758
1.473335
1.468182
1.482353
1.499102
1.488795
1.488795
1.466893
1.461740
1.448856
1.439838
1.456587
1.447568
1.463028
1.437261
1.438550
1.439838
1.428243
1.417936
1.420513
1.424378
1.416648
1.417936
1.419224
1.405053
1.407629
1.392169
1.402476
1.408918
1.405053
1.402476
1.388304
1.398611
1.381862
1.374132
1.387016
1.415359
1.417936
1.430820
1.463028
1.464317
1.488795
1.473335
1.481065
1.478488
1.460452
1.442415
1.463028
1.454010
1.448856
1.450145
1.451433
1.448856
1.421801
1.415359
1.424378
1.407629
1.412783
1.435973
1.451433
1.461740
1.461740
1.452721
1.442415
1.454010
1.454010
1.463028
1.435973
1.455298
1.426955
1.419224
1.412783
1.401188
1.396034
1.374132
1.377997
1.380574
1.417936
1.399899
1.410206
1.414071
1.432108
1.421801
1.435973
1.448856
1.482353
1.513274
1.511985
1.513274
1.504255
1.463028
1.441126
1.429531
1.401188
1.394746
1.396034
1.412783
1.421801
1.438550
1.443703
1.437261
1.442415
1.415359
1.415359
1.389592
1.410206
1.411494
1.429531
1.423089
1.428243
1.444991
1.447568
1.433396
1.428243
1.430820
1.437261
1.442415
1.452721
1.439838
1.429531
1.416648
1.401188
1.407629
1.411494
1.433396
1.403764
1.402476
1.414071
1.414071
1.403764
1.417936
1.417936
1.432108
1.459163
1.457875
1.492660
1.474623
1.481065
1.483642
1.452721
1.454010
1.433396
1.423089
1.410206
1.429531
1.407629
1.424378
1.447568
1.435973
1.428243
1.420513
1.410206
1.388304
1.385727
1.375421
1.393457
1.392169
1.414071
1.444991
1.474623
1.452721
1.457875
1.448856
1.461740
1.464317
1.478488
1.500390
1.478488
1.470758
1.466893
1.465605
1.434685
1.437261
1.408918
1.399899
1.403764
1.392169
1.376709
1.384439
1.365114
1.377997
1.414071
1.429531
1.451433
1.468182
1.482353
1.459163
1.466893
1.428243
1.416648
1.420513
1.430820
1.420513
1.412783
1.423089
1.435973
1.464317
1.481065
1.477200
1.472047
1.454010
1.446280
1.437261
1.432108
1.425666
1.411494
1.419224
1.424378
1.438550
1.456587
1.448856
1.443703
1.452721
1.469470
1.466893
1.478488
1.456587
1.443703
1.451433
1.430820
1.423089
1.429531
1.417936
1.412783
1.424378
1.410206
1.408918
1.438550
1.419224
1.408918
1.407629
1.381862
1.380574
1.374132
1.376709
1.399899
1.399899
1.411494
1.402476
1.390881
1.412783
1.419224
1.417936
1.442415
1.438550
1.455298
1.463028
1.469470
1.441126
1.442415
1.426955
1.452721
1.447568
1.463028
1.456587
1.464317
1.451433
1.429531
1.412783
1.374132
1.383151
1.425666
1.444991
1.465605
1.457875
1.472047
1.441126
1.430820
1.423089
1.411494
1.410206
1.419224
1.420513
1.437261
1.446280
1.474623
1.465605
1.478488
1.495237
1.511985
1.477200
1.475912
1.451433
1.459163
1.451433
1.412783
1.402476
1.394746
1.406341
1.398611
1.411494
1.450145
1.473335
1.482353
1.465605
1.460452
1.463028
1.465605
1.452721
1.437261
1.425666
1.437261
1.437261
1.461740
1.446280
1.446280
1.428243
1.426955
1.399899
1.407629
1.389592
1.393457
1.359960
1.345789
1.331617
1.338059
1.371556
1.390881
1.407629
1.439838
1.459163
1.473335
1.454010
1.455298
1.455298
1.407629
1.416648
1.406341
1.394746
1.398611
1.407629
1.432108
1.442415
1.452721
1.470758
1.450145
1.455298
1.448856
1.455298
1.472047
1.483642
1.490084
1.500390
1.473335
1.472047
1.457875
1.439838
1.438550
1.425666
1.417936
1.408918
1.410206
1.415359
1.403764
1.392169
1.407629
1.393457
1.408918
1.405053
1.430820
1.408918
1.432108
1.425666
1.448856
1.446280
1.456587
1.420513
1.406341
1.420513
1.437261
1.461740
1.484930
1.472047
1.446280
1.460452
1.459163
1.483642
1.491372
1.486219
1.486219
1.492660
1.483642
1.473335
1.468182
1.466893
1.459163
1.433396
1.430820
1.393457
1.366402
1.356095
1.353519
1.370267
1.393457
1.410206
1.411494
1.424378
1.423089
1.441126
1.433396
1.446280
1.435973
1.429531
1.428243
1.435973
1.454010
1.457875
1.460452
1.452721
1.455298
1.470758
1.490084
1.483642
1.486219
1.487507
1.486219
1.470758
1.454010
1.447568
1.414071
1.397323
1.379286
1.387016
1.389592
1.392169
1.390881
1.393457
1.412783
1.435973
1.414071
1.410206
1.410206
1.430820
1.425666
1.433396
1.444991
1.452721
1.479777
1.469470
1.461740
1.435973
1.425666
1.432108
1.448856
1.434685
1.421801
1.416648
1.437261
1.439838
1.443703
1.441126
1.425666
1.406341
1.407629
1.388304
1.371556
1.361249
1.354807
1.371556
1.406341
1.417936
1.438550
1.446280
1.461740
1.464317
1.463028
1.472047
1.481065
1.460452
1.459163
1.433396
1.444991
1.437261
1.432108
1.438550
1.414071
1.438550
1.423089
1.459163
1.447568
1.448856
1.447568
1.443703
1.447568
1.432108
1.443703
1.437261
1.402476
1.393457
1.389592
1.396034
1.410206
1.446280
1.460452
1.486219
1.469470
1.468182
1.442415
1.446280
1.441126
1.439838
1.417936
1.416648
1.426955
1.429531
1.439838
1.402476
1.420513
1.417936
1.426955
1.446280
1.442415
1.447568
1.451433
1.433396
1.426955
1.432108
1.421801
1.410206
1.419224
1.420513
1.426955
1.430820
1.419224
1.428243
1.412783
1.424378
1.402476
1.385727
1.403764
1.392169
1.383151
1.375421
1.363825
1.379286
1.397323
1.406341
1.452721
1.461740
1.478488
1.495237
1.506832
1.493949
1.483642
1.492660
1.468182
1.433396
1.429531
1.428243
1.419224
1.439838
1.439838
1.459163
1.456587
1.482353
1.475912
1.468182
1.457875
1.455298
1.460452
1.430820
1.426955
1.393457
1.380574
1.394746
1.426955
1.420513
1.424378
1.442415
1.451433
1.474623
1.470758
1.457875
1.435973
1.405053
1.390881
1.389592
1.396034
1.396034
1.417936
1.411494
1.421801
1.428243
1.429531
1.410206
1.434685
1.439838
1.452721
1.464317
1.451433
1.451433
1.439838
1.448856
1.450145
1.439838
1.430820
1.428243
1.435973
1.444991
1.437261
1.465605
1.452721
1.452721
1.448856
1.446280
1.420513
1.429531
1.411494
1.408918
1.415359
1.421801
1.426955
1.448856
1.456587
1.446280
1.433396
1.419224
1.414071
1.421801
1.388304
1.380574
1.398611
1.406341
1.402476
1.405053
1.430820
1.423089
1.438550
1.452721
1.466893
1.492660
1.493949
1.497814
1.492660
1.496525
1.470758
1.468182
1.451433
1.447568
1.424378
1.417936
1.406341
1.407629
1.411494
1.414071
1.417936
1.435973
1.425666
1.426955
1.429531
1.434685
1.425666
1.426955
1.432108
1.451433
1.451433
1.438550
1.428243
1.419224
1.416648
1.410206
1.426955
1.417936
1.416648
1.401188
1.411494
1.420513
1.437261
1.455298
1.452721
1.465605
1.434685
1.430820
1.416648
1.426955
1.401188
1.389592
1.399899
1.398611
1.439838
1.464317
1.492660
1.511985
1.513274
1.528734
1.502967
1.493949
1.448856
1.435973
1.410206
1.398611
1.370267
1.356095
1.363825
1.379286
1.407629
1.410206
1.430820
1.430820
1.456587
1.497814
1.484930
1.482353
1.460452
1.450145
1.450145
1.417936
1.430820
1.428243
1.451433
1.446280
1.444991
1.420513
1.426955
1.420513
1.414071
1.414071
1.411494
1.433396
1.421801
1.437261
1.420513
1.441126
1.421801
1.407629
1.406341
1.406341
1.388304
1.388304
1.399899
1.387016
1.392169
1.405053
1.424378
1.426955
1.432108
1.441126
1.417936
1.420513
1.443703
1.438550
1.463028
1.474623
1.468182
1.478488
1.481065
1.482353
1.473335
1.468182
1.463028
1.478488
1.459163
1.443703
1.426955
1.419224
1.405053
1.406341
1.412783
1.421801
1.416648
1.419224
1.439838
1.438550
1.456587
1.430820
1.429531
1.407629
1.415359
1.430820
1.452721
1.446280
1.464317
1.465605
1.466893
1.438550
1.414071
1.423089
1.401188
1.423089
1.441126
1.444991
1.441126
1.433396
1.428243
1.429531
1.468182
1.457875
1.460452
1.475912
1.464317
1.470758
1.465605
1.464317
1.450145
1.441126
1.430820
1.411494
1.398611
1.393457
1.397323
1.417936
1.428243
1.437261
1.441126
1.441126
1.441126
1.437261
1.442415
1.456587
1.461740
1.454010
1.439838
1.437261
1.410206
1.411494
1.426955
1.428243
1.457875
1.456587
1.468182
1.455298
1.450145
1.437261
1.430820
1.425666
1.421801
1.402476
1.415359
1.402476
1.411494
1.424378
1.464317
1.457875
1.482353
1.461740
1.438550
1.424378
1.420513
1.423089
1.419224
1.419224
1.421801
1.407629
1.392169
1.402476
1.371556
1.383151
1.385727
1.396034
1.396034
1.397323
1.423089
1.433396
1.454010
1.452721
1.447568
1.465605
1.455298
1.457875
1.426955
1.423089
1.415359
1.402476
1.410206
1.435973
1.438550
1.456587
1.465605
1.496525
1.457875
1.463028
1.438550
1.433396
1.435973
1.421801
1.426955
1.435973
1.457875
1.441126
1.444991
1.438550
1.417936
1.402476
1.392169
1.403764
1.421801
1.435973
1.457875
1.447568
1.465605
1.455298
1.456587
1.448856
1.439838
1.423089
1.414071
1.398611
1.388304
1.408918
1.389592
1.411494
1.424378
1.437261
1.420513
1.411494
1.417936
1.412783
1.430820
1.426955
1.448856
1.455298
1.459163
1.461740
1.443703
1.433396
1.414071
1.414071
1.433396
1.439838
1.463028
1.446280
1.437261
1.414071
1.407629
1.398611
1.399899
1.405053
1.403764
1.387016
1.393457
1.389592
1.406341
1.393457
1.417936
1.407629
1.411494
1.441126
1.435973
1.439838
1.442415
1.463028
1.460452
1.468182
1.459163
1.457875
1.469470
1.470758
1.490084
1.483642
1.463028
1.456587
1.465605
1.495237
1.497814
1.499102
1.493949
1.455298
1.433396
1.433396
1.405053
1.402476
1.420513
1.424378
1.424378
1.423089
1.435973
1.447568
1.451433
1.448856
1.435973
1.430820
1.433396
1.416648
1.419224
1.393457
1.405053
1.398611
1.388304
1.388304
1.398611
1.398611
1.415359
1.403764
1.397323
1.376709
1.389592
1.426955
1.450145
1.468182
1.451433
1.434685
1.416648
1.420513
1.426955
1.435973
1.435973
1.446280
1.452721
1.459163
1.478488
1.469470
1.473335
1.468182
1.454010
1.438550
1.443703
1.432108
1.439838
1.414071
1.419224
1.406341
1.403764
1.381862
1.384439
1.383151
1.406341
1.402476
1.428243
1.420513
1.425666
1.442415
1.455298
1.493949
1.491372
1.495237
1.502967
1.487507
1.495237
1.513274
1.508120
1.492660
1.465605
1.444991
1.429531
1.419224
1.430820
1.423089
1.406341
1.416648
1.401188
1.410206
1.416648
1.419224
1.401188
1.396034
1.397323
1.405053
1.424378
1.410206
1.390881
1.388304
1.379286
1.405053
1.393457
1.406341
1.451433
1.452721
1.451433
1.460452
1.448856
1.450145
1.469470
1.452721
1.442415
1.441126
1.419224
1.408918
1.387016
1.396034
1.376709
1.374132
1.374132
1.375421
1.375421
1.375421
1.417936
1.423089
1.441126
1.459163
1.483642
1.510697
1.515850
1.519716
1.500390
1.497814
1.506832
1.469470
1.469470
1.452721
1.444991
1.446280
1.410206
1.389592
1.379286
1.383151
1.401188
1.425666
1.412783
1.426955
1.457875
1.442415
1.454010
1.470758
1.479777
1.470758
1.451433
1.448856
1.439838
1.452721
1.450145
1.439838
1.428243
1.385727
1.354807
1.348365
1.362537
1.367691
1.394746
1.438550
1.479777
1.457875
1.451433
1.433396
1.441126
1.433396
1.432108
1.446280
1.454010
1.464317
1.444991
1.450145
1.455298
1.452721
1.457875
1.434685
1.430820
1.450145
1.443703
1.450145
1.443703
1.443703
1.439838
1.454010
1.432108
1.425666
1.419224
1.396034
1.385727
1.370267
1.372844
1.375421
1.394746
1.379286
1.381862
1.399899
1.428243
1.447568
1.457875
1.448856
1.460452
1.469470
1.456587
1.470758
1.493949
1.490084
1.508120
1.501679
1.487507
1.477200
1.477200
1.482353
1.452721
1.438550
1.419224
1.403764
1.401188
1.401188
1.397323
1.421801
1.421801
1.438550
1.416648
1.429531
1.415359
1.412783
1.414071
1.424378
1.423089
1.426955
1.426955
1.451433
1.437261
1.448856
1.439838
1.428243
1.414071
1.406341
1.399899
1.383151
1.384439
1.401188
1.392169
1.403764
1.412783
1.417936
1.432108
1.452721
1.470758
1.482353
1.472047
1.441126
1.441126
1.465605
1.464317
1.452721
1.460452
1.463028
1.448856
1.434685
1.425666
1.439838
1.456587
1.454010
1.459163
1.450145
1.465605
1.441126
1.429531
1.441126
1.426955
1.401188
1.411494
1.384439
1.370267
1.398611
1.397323
1.398611
1.412783
1.407629
1.381862
1.375421
1.374132
1.398611
1.388304
1.403764
1.435973
1.429531
1.432108
1.456587
1.470758
1.481065
1.469470
1.483642
1.464317
1.469470
1.452721
1.465605
1.447568
1.448856
1.434685
1.447568
1.435973
1.434685
1.448856
1.442415
1.450145
1.444991
1.442415
1.454010
1.457875
1.446280
1.437261
1.429531
1.443703
1.451433
1.461740
1.442415
1.428243
1.401188
1.412783
1.399899
1.411494
1.415359
1.397323
1.390881
1.399899
1.423089
1.456587
1.442415
1.443703
1.446280
1.470758
1.452721
1.448856
1.473335
1.473335
1.481065
1.463028
1.456587
1.430820
1.429531
1.419224
1.430820
1.429531
1.455298
1.451433
1.455298
1.443703
1.466893
1.461740
1.482353
1.482353
1.470758
1.448856
1.416648
1.403764
1.368979
1.366402
1.356095
1.347077
1.377997
1.394746
1.411494
1.424378
1.433396
1.448856
1.474623
1.481065
1.479777
1.484930
1.451433
1.443703
1.439838
1.447568
1.438550
1.454010
1.469470
1.456587
1.474623
1.464317
1.483642
1.479777
1.483642
1.450145
1.446280
1.434685
1.410206
1.414071
1.390881
1.377997
1.372844
1.371556
1.358672
1.358672
1.352230
1.380574
1.393457
1.406341
1.421801
1.424378
1.412783
1.412783
1.420513
1.423089
1.432108
1.443703
1.466893
1.446280
1.441126
1.423089
1.432108
1.429531
1.433396
1.421801
1.421801
1.412783
1.410206
1.401188
1.397323
1.411494
1.424378
1.450145
1.447568
1.475912
1.469470
1.472047
1.452721
1.447568
1.433396
1.420513
1.426955
1.421801
1.420513
1.437261
1.435973
1.425666
1.408918
1.392169
1.407629
1.434685
1.442415
1.464317
1.459163
1.466893
1.455298
1.468182
1.474623
1.478488
1.482353
1.491372
1.460452
1.472047
1.454010
1.450145
1.429531
1.412783
1.414071
1.417936
1.420513
1.425666
1.435973
1.424378
1.438550
1.421801
1.435973
1.421801
1.433396
1.450145
1.447568
1.475912
1.468182
1.484930
1.469470
1.486219
1.460452
1.417936
1.406341
1.381862
1.368979
1.376709
1.384439
1.420513
1.429531
1.414071
1.408918
1.428243
1.450145
1.479777
1.478488
1.490084
1.499102
1.487507
1.474623
1.474623
1.459163
1.450145
1.433396
1.429531
1.407629
1.394746
1.398611
1.371556
1.381862
1.398611
1.384439
1.385727
1.399899
1.410206
1.430820
1.405053
1.402476
1.412783
1.411494
1.416648
1.424378
1.439838
1.429531
1.444991
1.437261
1.464317
1.457875
1.463028
1.454010
1.455298
1.443703
1.435973
1.439838
1.465605
1.450145
1.439838
1.429531
1.424378
1.426955
1.459163
1.450145
1.460452
1.452721
1.442415
1.437261
1.446280
1.437261
1.432108
1.416648
1.420513
1.402476
1.425666
1.410206
1.439838
1.438550
1.456587
1.443703
1.444991
1.421801
1.428243
1.426955
1.447568
1.437261
1.447568
1.452721
1.456587
1.447568
1.459163
1.446280
1.444991
1.468182
1.459163
1.481065
1.455298
1.435973
1.411494
1.392169
1.377997
1.381862
1.383151
1.401188
1.402476
1.406341
1.417936
1.448856
1.450145
1.460452
1.482353
1.482353
1.477200
1.466893
1.475912
1.443703
1.425666
1.421801
1.428243
1.415359
1.411494
1.398611
1.402476
1.417936
1.398611
1.406341
1.420513
1.421801
1.423089
1.414071
1.406341
1.414071
1.414071
1.430820
1.438550
1.451433
1.478488
1.515850
1.500390
1.481065
1.475912
1.452721
1.441126
1.438550
1.435973
1.406341
1.396034
1.398611
1.412783
1.434685
1.443703
1.446280
1.438550
1.426955
1.424378
1.438550
1.438550
1.443703
1.439838
1.443703
1.421801
1.428243
1.420513
1.424378
1.419224
1.432108
1.426955
1.434685
1.428243
1.448856
1.437261
1.429531
1.429531
1.439838
1.448856
1.429531
1.432108
1.429531
1.438550
1.441126
1.455298
1.435973
1.424378
1.424378
1.429531
1.444991
1.446280
1.444991
1.444991
1.461740
1.452721
1.439838
1.426955
1.441126
1.425666
1.419224
1.406341
1.425666
1.419224
1.415359
1.424378
1.421801
1.442415
1.475912
1.497814
1.483642
1.479777
1.488795
1.495237
1.502967
1.492660
1.466893
1.438550
1.396034
1.383151
1.387016
1.389592
1.388304
1.401188
1.424378
1.421801
1.411494
1.411494
1.401188
1.389592
1.370267
1.365114
1.387016
1.412783
1.434685
1.441126
1.443703
1.447568
1.452721
1.447568
1.444991
1.441126
1.432108
1.428243
1.401188
1.397323
1.393457
1.390881
1.385727
1.390881
1.405053
1.405053
1.393457
1.394746
1.401188
1.410206
1.425666
1.448856
1.444991
1.442415
1.439838
1.451433
1.482353
1.487507
1.486219
1.497814
1.522292
1.515850
1.523581
1.497814
1.478488
1.463028
1.452721
1.468182
1.484930
1.470758
1.465605
1.460452
1.460452
1.438550
1.424378
1.399899
1.384439
1.393457
1.420513
1.425666
1.429531
1.435973
1.425666
1.425666
1.437261
1.450145
1.438550
1.433396
1.450145
1.420513
1.407629
1.399899
1.410206
1.410206
1.414071
1.407629
1.407629
1.417936
1.405053
1.398611
1.397323
1.392169
1.394746
1.408918
1.406341
1.397323
1.396034
1.403764
1.411494
1.419224
1.430820
1.429531
1.435973
1.438550
1.423089
1.423089
1.439838
1.469470
1.452721
1.444991
1.452721
1.454010
1.443703
1.438550
1.437261
1.448856
1.421801
1.424378
1.433396
1.435973
1.442415
1.447568
1.454010
1.456587
1.454010
1.454010
1.468182
1.475912
1.461740
1.444991
1.439838
1.443703
1.463028
1.475912
1.461740
1.441126
1.421801
1.415359
1.416648
1.416648
1.406341
1.416648
1.403764
1.406341
1.410206
1.412783
1.411494
1.417936
1.420513
1.429531
1.448856
1.460452
1.459163
1.454010
1.443703
1.441126
1.433396
1.417936
1.421801
1.437261
1.444991
1.429531
1.424378
1.424378
1.429531
1.424378
1.432108
1.442415
1.455298
1.475912
1.475912
1.469470
1.463028
1.443703
1.421801
1.423089
1.416648
1.426955
1.446280
1.461740
1.439838
1.429531
1.425666
1.415359
1.423089
1.441126
1.454010
1.443703
1.433396
1.437261
1.435973
1.425666
1.425666
1.420513
1.405053
1.388304
1.396034
1.403764
1.398611
1.405053
1.424378
1.439838
1.459163
1.459163
1.456587
1.459163
1.437261
1.425666
1.433396
1.446280
1.463028
1.461740
1.469470
1.461740
1.421801
1.393457
1.397323
1.417936
1.424378
1.424378
1.423089
1.421801
1.437261
1.461740
1.463028
1.451433
1.438550
1.448856
1.459163
1.443703
1.417936
1.393457
1.396034
1.390881
1.390881
1.402476
1.419224
1.428243
1.426955
1.420513
1.403764
1.399899
1.421801
1.448856
1.466893
1.478488
1.505544
1.490084
1.469470
1.450145
1.421801
1.405053
1.397323
1.392169
1.398611
1.394746
1.381862
1.383151
1.383151
1.388304
1.401188
1.437261
1.468182
1.487507
1.499102
1.464317
1.426955
1.425666
1.454010
1.495237
1.499102
1.521004
1.519716
1.508120
1.488795
1.460452
1.432108
1.412783
1.393457
1.403764
1.425666
1.408918
1.396034
1.405053
1.417936
1.428243
1.420513
1.428243
1.428243
1.411494
1.408918
1.419224
1.451433
1.461740
1.451433
1.443703
1.442415
1.444991
1.437261
1.414071
1.407629
1.414071
1.432108
1.437261
1.463028
1.461740
1.457875
1.455298
1.450145
1.444991
1.443703
1.433396
1.419224
1.417936
1.411494
1.411494
1.410206
1.406341
1.415359
1.437261
1.448856
1.434685
1.441126
1.432108
1.435973
1.438550
1.439838
1.442415
1.438550
1.446280
1.435973
1.437261
1.448856
1.443703
1.452721
1.463028
1.459163
1.450145
1.441126
1.423089
1.408918
1.394746
1.397323
1.396034
1.396034
1.415359
1.426955
1.425666
1.451433
1.451433
1.457875
1.470758
1.451433
1.429531
1.417936
1.423089
1.437261
1.426955
1.425666
1.406341
1.405053
1.411494
1.424378
1.434685
1.441126
1.428243
1.435973
1.426955
1.420513
1.410206
1.423089
1.421801
1.415359
1.406341
1.407629
1.429531
1.420513
1.434685
1.459163
1.468182
1.474623
1.472047
1.473335
1.474623
1.469470
1.461740
1.455298
1.470758
1.461740
1.463028
1.464317
1.473335
1.443703
1.416648
1.405053
1.406341
1.394746
1.392169
1.396034
1.415359
1.442415
1.451433
1.455298
1.430820
1.420513
1.426955
1.435973
1.419224
1.430820
1.455298
1.432108
1.420513
1.408918
1.415359
1.426955
1.429531
1.447568
1.454010
1.463028
1.470758
1.451433
1.434685
1.441126
1.411494
1.397323
1.410206
1.401188
1.402476
1.416648
1.446280
1.444991
1.457875
1.452721
1.442415
1.434685
1.433396
1.423089
1.429531
1.454010
1.437261
1.424378
1.417936
1.434685
1.421801
1.416648
1.414071
1.447568
1.472047
1.468182
1.469470
1.474623
1.466893
1.442415
1.419224
1.424378
1.403764
1.403764
1.420513
1.455298
1.442415
1.451433
1.456587
1.443703
1.435973
1.430820
1.425666
1.412783
1.416648
1.408918
1.411494
1.434685
1.428243
1.426955
1.432108
1.416648
1.421801
1.424378
1.414071
1.412783
1.396034
1.392169
1.389592
1.397323
1.408918
1.402476
1.411494
1.416648
1.420513
1.437261
1.448856
1.454010
1.478488
1.452721
1.459163
1.464317
1.439838
1.429531
1.432108
1.416648
1.403764
1.414071
1.429531
1.420513
1.421801
1.408918
1.415359
1.421801
1.419224
1.429531
1.432108
1.441126
1.464317
1.472047
1.465605
1.454010
1.450145
1.443703
1.454010
1.444991
1.448856
1.452721
1.452721
1.455298
1.426955
1.417936
1.420513
1.424378
1.455298
1.472047
1.461740
1.457875
1.461740
1.464317
1.451433
1.444991
1.414071
1.399899
1.393457
1.389592
1.396034
1.398611
1.415359
1.441126
1.424378
1.430820
1.441126
1.439838
1.446280
1.438550
1.443703
1.446280
1.439838
1.444991
1.444991
1.443703
1.424378
1.425666
1.456587
1.461740
1.479777
1.486219
1.481065
1.496525
1.483642
1.481065
1.497814
1.488795
1.490084
1.468182
1.469470
1.441126
1.419224
1.412783
1.406341
1.397323
1.397323
1.406341
1.383151
1.379286
1.376709
1.363825
1.357384
1.376709
1.397323
1.387016
1.389592
1.405053
1.411494
1.417936
1.402476
1.408918
1.423089
1.424378
1.426955
1.455298
1.495237
1.497814
1.486219
1.491372
1.454010
1.434685
1.430820
1.435973
1.429531
1.441126
1.454010
1.457875
1.472047
1.447568
1.420513
1.411494
1.405053
1.411494
1.420513
1.405053
1.390881
1.394746
1.416648
1.414071
1.411494
1.426955
1.435973
1.455298
1.460452
1.456587
1.456587
1.463028
1.448856
1.441126
1.456587
1.474623
1.459163
1.451433
1.469470
1.455298
1.428243
1.407629
1.403764
1.385727
1.375421
1.390881
1.405053
1.393457
1.393457
1.388304
1.394746
1.417936
1.416648
1.415359
1.421801
1.434685
1.419224
1.414071
1.437261
1.425666
1.429531
1.433396
1.447568
1.450145
1.457875
1.477200
1.474623
1.478488
1.469470
1.459163
1.456587
1.446280
1.454010
1.461740
1.459163
1.433396
1.432108
1.432108
1.426955
1.420513
1.426955
1.397323
1.399899
1.407629
1.398611
1.408918
1.421801
1.429531
1.421801
1.423089
1.421801
1.446280
1.444991
1.456587
1.472047
1.466893
1.463028
1.484930
1.474623
1.474623
1.478488
1.456587
1.450145
1.439838
1.430820
1.415359
1.433396
1.429531
1.425666
1.442415
1.412783
1.384439
1.390881
1.410206
1.401188
1.376709
1.354807
1.345789
1.347077
1.357384
1.371556
1.396034
1.423089
1.451433
1.483642
1.475912
1.464317
1.455298
1.464317
1.459163
1.442415
1.452721
1.443703
1.466893
1.490084
1.506832
1.506832
1.510697
1.487507
1.492660
1.451433
1.438550
1.428243
1.419224
1.408918
1.405053
1.412783
1.399899
1.414071
1.434685
1.459163
1.477200
1.461740
1.461740
1.459163
1.468182
1.463028
1.460452
1.451433
1.469470
1.447568
1.439838
1.416648
1.397323
1.396034
1.394746
1.385727
1.398611
1.397323
1.392169
1.393457
1.403764
1.430820
1.450145
1.459163
1.470758
1.443703
1.423089
1.401188
1.385727
1.385727
1.390881
1.412783
1.412783
1.419224
1.432108
1.442415
1.442415
1.461740
1.454010
1.443703
1.446280
1.473335
1.457875
1.455298
1.464317
1.483642
1.477200
1.461740
1.446280
1.426955
1.425666
1.419224
1.412783
1.439838
1.426955
1.432108
1.452721
1.432108
1.423089
1.430820
1.455298
1.454010
1.443703
1.437261
1.455298
1.444991
1.454010
1.470758
1.468182
1.473335
1.497814
1.478488
1.456587
1.437261
1.416648
1.414071
1.406341
1.403764
1.398611
1.357384
1.340635
1.336770
1.338059
1.348365
1.361249
1.375421
1.394746
1.437261
1.456587
1.466893
1.473335
1.490084
1.475912
1.478488
1.461740
1.456587
1.454010
1.463028
1.481065
1.447568
1.429531
1.423089
1.435973
1.429531
1.430820
1.435973
1.412783
1.402476
1.393457
1.408918
1.407629
1.411494
1.410206
1.416648
1.435973
1.433396
1.432108
1.434685
1.426955
1.437261
1.428243
1.423089
1.417936
1.414071
1.423089
1.423089
1.421801
1.432108
1.441126
1.456587
1.448856
1.439838
1.432108
1.452721
1.444991
1.435973
1.429531
1.416648
1.414071
1.420513
1.437261
1.464317
1.469470
1.469470
1.463028
1.447568
1.429531
1.435973
1.435973
1.432108
1.426955
1.428243
1.457875
1.456587
1.456587
1.461740
1.468182
1.451433
1.432108
1.432108
1.424378
1.435973
1.442415
1.435973
1.428243
1.442415
1.441126
1.421801
1.412783
1.420513
1.403764
1.403764
1.420513
1.452721
1.465605
1.454010
1.419224
1.398611
1.385727
1.397323
1.403764
1.383151
1.385727
1.405053
1.426955
1.441126
1.456587
1.447568
1.442415
1.437261
1.438550
1.435973
1.441126
1.444991
1.454010
1.457875
1.459163
1.474623
1.455298
1.456587
1.466893
1.490084
1.473335
1.464317
1.455298
1.460452
1.438550
1.438550
1.408918
1.402476
1.412783
1.377997
1.376709
1.380574
1.379286
1.374132
1.383151
1.372844
1.419224
1.426955
1.444991
1.454010
1.433396
1.428243
1.441126
1.454010
1.460452
1.478488
1.469470
1.479777
1.513274
1.506832
1.511985
1.491372
1.496525
1.448856
1.433396
1.442415
1.425666
1.419224
1.385727
1.370267
1.356095
1.359960
1.371556
1.377997
1.388304
1.399899
1.399899
1.405053
1.428243
1.456587
1.459163
1.446280
1.451433
1.468182
1.441126
1.452721
1.473335
1.438550
1.417936
1.414071
1.403764
1.421801
1.406341
1.412783
1.430820
1.433396
1.463028
1.454010
1.470758
1.470758
1.464317
1.470758
1.451433
1.446280
1.417936
1.439838
1.415359
1.392169
1.388304
1.371556
1.387016
1.429531
1.433396
1.457875
1.438550
1.444991
1.426955
1.432108
1.456587
1.470758
1.501679
1.499102
1.517139
1.488795
1.468182
1.468182
1.459163
1.466893
1.443703
1.434685
1.416648
1.419224
1.444991
1.442415
1.451433
1.412783
1.377997
1.374132
1.390881
1.401188
1.415359
1.428243
1.437261
1.444991
1.475912
1.474623
1.490084
1.475912
1.477200
1.447568
1.441126
1.432108
1.425666
1.424378
1.419224
1.399899
1.394746
1.399899
1.376709
1.375421
1.403764
1.451433
1.446280
1.452721
1.424378
1.423089
1.441126
1.442415
1.451433
1.448856
1.461740
1.447568
1.455298
1.435973
1.416648
1.419224
1.414071
1.442415
1.448856
1.442415
1.438550
1.430820
1.439838
1.438550
1.443703
1.447568
1.443703
1.452721
1.437261
1.441126
1.435973
1.420513
1.399899
1.388304
1.394746
1.405053
1.452721
1.456587
1.448856
1.443703
1.442415
1.456587
1.441126
1.430820
1.406341
1.414071
1.396034
1.393457
1.388304
1.397323
1.394746
1.408918
1.434685
1.430820
1.435973
1.461740
1.468182
1.477200
1.469470
1.472047
1.459163
1.468182
1.444991
1.452721
1.428243
1.420513
1.419224
1.406341
1.407629
1.398611
1.412783
1.432108
1.469470
1.446280
1.437261
1.432108
1.443703
1.468182
1.478488
1.487507
1.459163
1.438550
1.414071
1.415359
1.423089
1.411494
1.398611
1.414071
1.406341
1.441126
1.455298
1.478488
1.475912
1.461740
1.441126
1.443703
1.459163
1.463028
1.457875
1.448856
1.426955
1.421801
1.399899
1.401188
1.414071
1.414071
1.416648
1.448856
1.426955
1.410206
1.389592
1.385727
1.377997
1.375421
1.370267
1.407629
1.406341
1.415359
1.425666
1.421801
1.430820
1.447568
1.454010
1.487507
1.496525
1.509409
1.496525
1.492660
1.459163
1.459163
1.435973
1.423089
1.419224
1.417936
1.429531
1.414071
1.417936
1.419224
1.406341
1.406341
1.428243
1.419224
1.421801
1.438550
1.441126
1.464317
1.468182
1.466893
1.459163
1.457875
1.444991
1.452721
1.446280
1.443703
1.438550
1.437261
1.443703
1.426955
1.443703
1.424378
1.416648
1.426955
1.416648
1.435973
1.420513
1.420513
1.435973
1.438550
1.433396
1.419224
1.411494
1.396034
1.402476
1.426955
1.429531
1.430820
1.447568
1.438550
1.441126
1.437261
1.428243
1.429531
1.443703
1.439838
1.434685
1.423089
1.411494
1.419224
1.423089
1.407629
1.393457
1.380574
1.392169
1.432108
1.441126
1.457875
1.472047
1.459163
1.478488
1.483642
1.488795
1.488795
1.466893
1.450145
1.430820
1.410206
1.392169
1.389592
1.394746
1.405053
1.394746
1.424378
1.437261
1.437261
1.448856
1.430820
1.433396
1.412783
1.412783
1.398611
1.394746
1.401188
1.390881
1.416648
1.411494
1.425666
1.410206
1.425666
1.420513
1.439838
1.451433
1.461740
1.441126
1.457875
1.487507
1.478488
1.475912
1.478488
1.454010
1.448856
1.426955
1.421801
1.419224
1.425666
1.423089
1.433396
1.415359
1.419224
1.399899
1.412783
1.455298
1.457875
1.474623
1.487507
1.470758
1.465605
1.433396
1.419224
1.435973
1.425666
1.464317
1.463028
1.464317
1.465605
1.444991
1.441126
1.454010
1.443703
1.433396
1.446280
1.438550
1.430820
1.407629
1.405053
1.388304
1.402476
1.411494
1.411494
1.408918
1.420513
1.402476
1.392169
1.390881
1.401188
1.424378
1.447568
1.456587
1.432108
1.446280
1.439838
1.447568
1.444991
1.442415
1.447568
1.454010
1.446280
1.451433
1.451433
1.465605
1.457875
1.423089
1.407629
1.389592
1.372844
1.392169
1.410206
1.430820
1.447568
1.424378
1.424378
1.434685
1.426955
1.439838
1.446280
1.475912
1.470758
1.472047
1.468182
1.466893
1.448856
1.417936
1.412783
1.385727
1.370267
1.379286
1.385727
1.411494
1.447568
1.454010
1.457875
1.451433
1.444991
1.434685
1.426955
1.408918
1.426955
1.410206
1.426955
1.448856
1.443703
1.447568
1.439838
1.442415
1.472047
1.483642
1.493949
1.511985
1.488795
1.478488
1.492660
1.524869
1.502967
1.481065
1.468182
1.437261
1.428243
1.416648
1.411494
1.421801
1.417936
1.393457
1.383151
1.370267
1.380574
1.388304
1.403764
1.428243
1.434685
1.442415
1.464317
1.452721
1.464317
1.456587
1.454010
1.429531
1.406341
1.401188
1.408918
1.407629
1.415359
1.434685
1.430820
1.429531
1.441126
1.423089
1.414071
1.419224
1.434685
1.430820
1.420513
