1.367691
1.374132
1.375421
1.377997
1.379286
1.384439
1.394746
1.376709
1.374132
1.375421
1.390881
1.371556
1.368979
1.372844
1.377997
1.374132
1.387016
1.366402
1.362537
1.366402
1.362537
1.365114
1.371556
1.371556
1.367691
1.374132
1.370267
1.372844
1.374132
1.376709
1.379286
1.376709
1.375421
1.371556
1.368979
1.363825
1.363825
1.370267
1.367691
1.368979
1.358672
1.363825
1.365114
1.381862
1.361249
1.366402
1.367691
1.383151
1.366402
1.374132
1.368979
1.368979
1.370267
1.385727
1.390881
1.380574
1.374132
1.371556
1.379286
1.393457
1.370267
1.368979
1.367691
1.396034
1.375421
1.374132
1.370267
1.390881
1.372844
1.376709
1.375421
1.368979
1.366402
1.366402
1.379286
1.365114
1.383151
1.366402
1.385727
1.361249
1.358672
1.366402
1.384439
1.365114
1.370267
1.390881
1.367691
1.371556
1.388304
1.376709
1.376709
1.376709
1.396034
1.371556
1.392169
1.370267
1.376709
1.375421
1.380574
1.367691
1.361249
1.357384
1.357384
1.357384
1.379286
1.365114
1.358672
1.358672
1.380574
1.366402
1.376709
1.379286
1.381862
1.387016
1.397323
1.393457
1.408918
1.379286
1.383151
1.377997
1.374132
1.368979
1.374132
1.374132
1.374132
1.370267
1.375421
1.377997
1.380574
1.379286
1.365114
1.362537
1.366402
1.363825
1.365114
1.366402
1.365114
1.365114
1.367691
1.374132
1.387016
1.389592
1.384439
1.388304
1.383151
1.380574
1.371556
1.365114
1.365114
1.359960
1.370267
1.354807
1.353519
1.370267
1.354807
1.376709
1.362537
1.383151
1.390881
1.366402
1.371556
1.371556
1.366402
1.374132
1.371556
1.371556
1.375421
1.374132
1.393457
1.372844
1.377997
1.383151
1.394746
1.380574
1.385727
1.376709
1.376709
1.399899
1.389592
1.377997
1.375421
1.371556
1.366402
1.363825
1.362537
1.376709
1.367691
1.363825
1.376709
1.359960
1.362537
1.381862
1.356095
1.357384
1.377997
1.359960
1.387016
1.359960
1.370267
1.375421
1.379286
1.384439
1.379286
1.381862
1.396034
1.384439
1.392169
1.371556
1.374132
1.377997
1.367691
1.374132
1.365114
1.368979
1.366402
1.389592
1.367691
1.371556
1.387016
1.381862
1.388304
1.387016
1.374132
1.365114
1.358672
1.358672
1.363825
1.367691
1.371556
1.371556
1.372844
1.372844
1.371556
1.365114
1.375421
1.366402
1.363825
1.361249
1.363825
1.389592
1.370267
1.374132
1.385727
1.388304
1.394746
1.398611
1.390881
1.392169
1.375421
1.377997
1.377997
1.376709
1.375421
1.392169
1.365114
1.361249
1.357384
1.354807
1.353519
1.354807
1.367691
1.383151
1.358672
1.383151
1.358672
1.367691
1.370267
1.377997
1.381862
1.377997
1.389592
1.397323
1.379286
1.374132
1.376709
1.371556
1.363825
1.375421
1.380574
1.370267
1.370267
1.368979
1.370267
1.367691
1.385727
1.365114
1.371556
1.367691
1.371556
1.368979
1.370267
1.372844
1.387016
1.381862
1.370267
1.388304
1.361249
1.362537
1.370267
1.372844
1.375421
1.376709
1.381862
1.394746
1.396034
1.379286
1.379286
1.388304
1.383151
1.374132
1.379286
1.385727
1.377997
1.368979
1.365114
1.368979
1.383151
1.379286
1.362537
1.363825
1.368979
1.362537
1.361249
1.361249
1.359960
1.377997
1.379286
1.384439
1.371556
1.366402
1.383151
1.362537
1.362537
1.365114
1.366402
1.370267
1.367691
1.372844
1.370267
1.372844
1.374132
1.368979
1.375421
1.379286
1.387016
1.390881
1.385727
1.377997
1.372844
1.398611
1.376709
1.374132
1.384439
1.384439
1.381862
1.374132
1.385727
1.398611
1.377997
1.377997
1.377997
1.393457
1.368979
1.370267
1.383151
1.359960
1.357384
1.379286
1.357384
1.362537
1.362537
1.363825
1.363825
1.357384
1.356095
1.359960
1.359960
1.385727
1.367691
1.366402
1.371556
1.372844
1.376709
1.377997
1.387016
1.394746
1.379286
1.380574
1.381862
1.387016
1.394746
1.390881
1.374132
1.376709
1.372844
1.384439
1.393457
1.380574
1.372844
1.372844
1.368979
1.366402
1.371556
1.370267
1.383151
1.370267
1.389592
1.366402
1.368979
1.368979
1.368979
1.367691
1.372844
1.397323
1.370267
1.376709
1.367691
1.359960
1.371556
1.381862
1.399899
1.377997
1.374132
1.375421
1.370267
1.368979
1.363825
1.362537
1.372844
1.348365
1.368979
1.359960
1.363825
1.372844
1.394746
1.376709
1.380574
1.377997
1.392169
1.363825
1.370267
1.381862
1.381862
1.362537
1.366402
1.363825
1.371556
1.388304
1.371556
1.374132
1.374132
1.374132
1.374132
1.383151
1.379286
1.372844
1.374132
1.374132
1.385727
1.370267
1.363825
1.376709
1.366402
1.377997
1.370267
1.366402
1.371556
1.368979
1.366402
1.370267
1.371556
1.370267
1.370267
1.365114
1.365114
1.368979
1.361249
1.363825
1.375421
1.367691
1.366402
1.374132
1.372844
1.371556
1.374132
1.377997
1.374132
1.375421
1.374132
1.372844
1.375421
1.383151
1.367691
1.376709
1.371556
1.394746
1.379286
1.379286
1.383151
1.380574
1.398611
1.377997
1.371556
1.362537
1.366402
1.366402
1.384439
1.377997
1.363825
1.361249
1.365114
1.384439
1.370267
1.367691
1.367691
1.384439
1.366402
1.359960
1.370267
1.362537
1.371556
1.367691
1.366402
1.370267
1.367691
1.368979
1.379286
1.377997
1.375421
1.387016
1.385727
1.377997
1.381862
1.367691
1.368979
1.365114
1.392169
1.371556
1.367691
1.372844
1.368979
1.375421
1.379286
1.381862
1.375421
1.370267
1.388304
1.358672
1.358672
1.371556
1.368979
1.362537
1.368979
1.387016
1.371556
1.384439
1.368979
1.370267
1.377997
1.390881
1.368979
1.374132
1.365114
1.380574
1.372844
1.379286
1.389592
1.368979
1.371556
1.368979
1.370267
1.367691
1.363825
1.357384
1.361249
1.365114
1.365114
1.370267
1.370267
1.370267
1.374132
1.381862
1.401188
1.384439
1.383151
1.401188
1.379286
1.377997
1.368979
1.368979
1.363825
1.385727
1.361249
1.365114
1.370267
1.374132
1.388304
1.371556
1.374132
1.372844
1.370267
1.384439
1.380574
1.363825
1.367691
1.359960
1.362537
1.366402
1.359960
1.366402
1.375421
1.353519
1.356095
1.356095
1.365114
1.367691
1.370267
1.379286
1.381862
1.385727
1.389592
1.393457
1.387016
1.396034
1.381862
1.394746
1.379286
1.399899
1.368979
1.363825
1.356095
1.362537
1.366402
1.383151
1.361249
1.368979
1.385727
1.371556
1.370267
1.375421
1.376709
1.398611
1.376709
1.376709
1.371556
1.371556
1.363825
1.383151
1.390881
1.367691
1.368979
1.368979
1.375421
1.363825
1.362537
1.365114
1.362537
1.363825
1.385727
1.367691
1.371556
1.371556
1.390881
1.371556
1.367691
1.372844
1.397323
1.374132
1.372844
1.375421
1.375421
1.380574
1.366402
1.365114
1.366402
1.380574
1.365114
1.370267
1.362537
1.368979
1.381862
1.366402
1.392169
1.375421
1.389592
1.370267
1.367691
1.376709
1.361249
1.359960
1.357384
1.381862
1.374132
1.375421
1.380574
1.390881
1.401188
1.380574
1.377997
1.379286
1.392169
1.394746
1.375421
1.394746
1.377997
1.377997
1.383151
1.388304
1.392169
1.387016
1.385727
1.380574
1.376709
1.372844
1.375421
1.383151
1.354807
1.356095
1.380574
1.359960
1.363825
1.381862
1.358672
1.365114
1.354807
1.370267
1.356095
1.370267
1.359960
1.365114
1.366402
1.379286
1.363825
1.388304
1.367691
1.365114
1.377997
1.368979
1.372844
1.370267
1.388304
1.374132
1.377997
1.371556
1.376709
1.374132
1.385727
1.370267
1.379286
1.371556
1.376709
1.377997
1.372844
1.374132
1.370267
1.374132
1.372844
1.375421
1.375421
1.372844
1.372844
1.368979
1.375421
1.390881
1.375421
1.370267
1.367691
1.371556
1.363825
1.363825
1.367691
1.383151
1.362537
1.361249
1.368979
1.367691
1.376709
1.368979
1.359960
1.361249
1.371556
1.385727
1.363825
1.370267
1.375421
1.397323
1.379286
1.375421
1.370267
1.368979
1.384439
1.371556
1.370267
1.389592
1.368979
1.372844
1.390881
1.367691
1.377997
1.390881
1.367691
1.377997
1.361249
1.363825
1.366402
1.380574
1.385727
1.389592
1.374132
1.393457
1.368979
1.371556
1.372844
1.365114
1.368979
1.375421
1.390881
1.370267
1.371556
1.372844
1.387016
1.380574
1.374132
1.374132
1.368979
1.365114
1.368979
1.392169
1.390881
1.371556
1.375421
1.367691
1.390881
1.361249
1.361249
1.379286
1.372844
1.372844
1.371556
1.377997
1.389592
1.376709
1.377997
1.377997
1.377997
1.379286
1.377997
1.375421
1.376709
1.394746
1.366402
1.365114
1.377997
1.365114
1.370267
1.384439
1.371556
1.359960
1.377997
1.361249
1.357384
1.357384
1.365114
1.362537
1.372844
1.374132
1.371556
1.388304
1.371556
1.368979
1.375421
1.384439
1.381862
1.374132
1.371556
1.363825
1.366402
1.366402
1.376709
1.368979
1.371556
1.383151
1.374132
1.371556
1.377997
1.371556
1.374132
1.370267
1.366402
1.377997
1.367691
1.366402
1.370267
1.376709
1.371556
1.398611
1.377997
1.380574
1.372844
1.371556
1.371556
1.377997
1.371556
1.376709
1.380574
1.375421
1.368979
1.376709
1.381862
1.372844
1.362537
1.387016
1.362537
1.363825
1.372844
1.350942
1.349654
1.377997
1.365114
1.385727
1.367691
1.375421
1.372844
1.366402
1.377997
1.376709
1.371556
1.381862
1.406341
1.383151
1.383151
1.375421
1.390881
1.377997
1.362537
1.365114
1.384439
1.366402
1.362537
1.366402
1.363825
1.363825
1.363825
1.379286
1.365114
1.365114
1.379286
1.368979
1.377997
1.372844
1.376709
1.377997
1.377997
1.381862
1.376709
1.392169
1.390881
1.370267
1.393457
1.370267
1.390881
1.376709
1.377997
1.372844
1.374132
1.366402
1.387016
1.368979
1.365114
1.370267
1.363825
1.356095
1.381862
1.354807
1.365114
1.359960
1.357384
1.383151
1.371556
1.392169
1.367691
1.372844
1.397323
1.376709
1.399899
1.380574
1.376709
1.376709
1.398611
1.377997
1.398611
1.371556
1.388304
1.367691
1.367691
1.367691
1.362537
1.365114
1.367691
1.381862
1.362537
1.368979
1.377997
1.368979
1.367691
1.377997
1.392169
1.372844
1.374132
1.362537
1.392169
1.368979
1.372844
1.396034
1.372844
1.397323
1.380574
1.375421
1.374132
1.379286
1.375421
1.381862
1.368979
1.365114
1.374132
1.363825
1.384439
1.361249
1.366402
1.370267
1.372844
1.371556
1.375421
1.385727
1.372844
1.366402
1.374132
1.387016
1.376709
1.368979
1.385727
1.368979
1.368979
1.368979
1.368979
1.370267
1.368979
1.375421
1.372844
1.379286
1.366402
1.383151
1.366402
1.390881
1.371556
1.379286
1.399899
1.376709
1.376709
1.380574
1.387016
1.390881
1.366402
1.363825
1.361249
1.359960
1.380574
1.368979
1.370267
1.368979
1.368979
1.367691
1.368979
1.365114
1.385727
1.367691
1.365114
1.372844
1.361249
1.361249
1.363825
1.365114
1.375421
1.367691
1.363825
1.384439
1.370267
1.370267
1.367691
1.367691
1.392169
1.370267
1.374132
1.394746
1.372844
1.383151
1.370267
1.366402
1.361249
1.365114
1.387016
1.371556
1.376709
1.397323
1.376709
1.377997
1.377997
1.402476
1.392169
1.379286
1.387016
1.370267
1.368979
1.366402
1.363825
1.379286
1.365114
1.362537
1.365114
1.363825
1.368979
1.377997
1.371556
1.384439
1.365114
1.371556
1.363825
1.359960
1.380574
1.368979
1.374132
1.377997
1.372844
1.387016
1.371556
1.384439
1.374132
1.396034
1.374132
1.374132
1.388304
1.374132
1.375421
1.398611
1.372844
1.372844
1.377997
1.374132
1.375421
1.367691
1.374132
1.371556
1.361249
1.372844
1.374132
1.396034
1.370267
1.366402
1.361249
1.363825
1.383151
1.374132
1.361249
1.368979
1.372844
1.372844
1.380574
1.383151
1.371556
1.376709
1.390881
1.381862
1.385727
1.394746
1.396034
1.377997
1.374132
1.376709
1.372844
1.366402
1.374132
1.388304
1.387016
1.366402
1.366402
1.367691
1.381862
1.366402
1.366402
1.359960
1.372844
1.367691
1.370267
1.371556
1.390881
1.359960
1.365114
1.384439
1.367691
1.370267
1.371556
1.390881
1.372844
1.366402
1.367691
1.372844
1.383151
1.399899
1.380574
1.379286
1.384439
1.370267
1.365114
1.362537
1.362537
1.357384
1.363825
1.366402
1.374132
1.375421
1.370267
1.359960
1.370267
1.363825
1.393457
1.368979
1.387016
1.379286
1.371556
1.372844
1.372844
1.384439
1.363825
1.388304
1.363825
1.379286
1.384439
1.389592
1.376709
1.368979
1.368979
1.389592
1.363825
1.366402
1.362537
1.361249
1.371556
1.374132
1.376709
1.377997
1.377997
1.375421
1.372844
1.374132
1.385727
1.366402
1.362537
1.366402
1.367691
1.367691
1.372844
1.385727
1.394746
1.384439
1.387016
1.385727
1.380574
1.380574
1.403764
1.377997
1.385727
1.381862
1.368979
1.370267
1.374132
1.367691
1.359960
1.354807
1.354807
1.354807
1.352230
1.354807
1.361249
1.377997
1.389592
1.372844
1.375421
1.379286
1.379286
1.385727
1.397323
1.390881
1.376709
1.374132
1.377997
1.394746
1.374132
1.376709
1.372844
1.398611
1.372844
1.371556
1.388304
1.367691
1.359960
1.383151
1.365114
1.368979
1.376709
1.365114
1.370267
1.370267
1.366402
1.393457
1.398611
1.374132
1.371556
1.387016
1.365114
1.368979
1.396034
1.375421
1.372844
1.370267
1.367691
1.387016
1.362537
1.368979
1.365114
1.384439
1.365114
1.379286
1.361249
1.367691
1.381862
1.368979
1.374132
1.368979
1.371556
1.380574
1.392169
1.368979
1.370267
1.379286
1.343212
1.325175
1.308427
1.318733
1.294255
1.287813
1.274930
1.274930
1.274930
1.272353
1.294255
1.281371
1.292966
1.318733
1.301985
1.301985
1.301985
1.316157
1.303273
1.320022
1.318733
1.347077
1.335482
1.359960
1.345789
1.362537
1.367691
1.349654
1.352230
1.354807
1.359960
1.359960
1.358672
1.365114
1.362537
1.389592
1.368979
1.365114
1.374132
1.372844
1.371556
1.367691
1.368979
1.371556
1.390881
1.367691
1.366402
1.388304
1.370267
1.368979
1.372844
1.374132
1.387016
1.384439
1.370267
1.376709
1.377997
1.392169
1.374132
1.371556
1.372844
1.370267
1.372844
1.366402
1.371556
1.375421
1.381862
1.368979
1.370267
1.370267
1.370267
1.367691
1.377997
1.363825
1.362537
1.367691
1.363825
1.368979
1.365114
1.368979
1.379286
1.362537
1.362537
1.366402
1.359960
1.361249
1.379286
1.367691
1.365114
1.367691
1.359960
1.371556
1.370267
1.375421
1.393457
1.366402
1.375421
1.375421
1.372844
1.384439
1.384439
1.380574
1.385727
1.393457
1.429531
1.444991
1.455298
1.464317
1.455298
1.456587
1.459163
1.460452
1.457875
1.454010
1.451433
1.451433
1.451433
1.444991
1.446280
1.435973
1.434685
1.428243
1.424378
1.429531
1.414071
1.434685
1.425666
1.410206
1.403764
1.398611
1.410206
1.394746
1.389592
1.389592
1.392169
1.390881
1.387016
1.385727
1.397323
1.376709
1.368979
1.362537
1.359960
1.367691
1.362537
1.367691
1.361249
1.365114
1.375421
1.367691
1.361249
1.359960
1.356095
1.365114
1.372844
1.368979
1.371556
1.375421
1.377997
1.393457
1.394746
1.370267
1.389592
1.370267
1.367691
1.365114
1.389592
1.370267
1.390881
1.380574
1.380574
1.390881
1.375421
1.385727
1.374132
1.394746
1.376709
1.374132
1.394746
1.380574
1.370267
1.376709
1.390881
1.383151
1.379286
1.383151
1.372844
1.389592
1.365114
1.362537
1.363825
1.359960
1.347077
1.350942
1.312292
1.314868
1.286525
1.298120
1.282660
1.292966
1.276218
1.298120
1.283948
1.285236
1.289101
1.294255
1.307138
1.296831
1.303273
1.312292
1.313580
1.318733
1.327752
1.327752
1.349654
1.336770
1.344500
1.340635
1.357384
1.347077
1.350942
1.359960
1.347077
1.353519
1.352230
1.358672
1.365114
1.358672
1.370267
1.366402
1.357384
1.354807
1.367691
1.359960
1.376709
1.366402
1.372844
1.379286
1.403764
1.392169
1.389592
1.389592
1.410206
1.385727
1.384439
1.387016
1.387016
1.389592
1.393457
1.396034
1.414071
1.410206
1.397323
1.392169
1.398611
1.394746
1.396034
1.411494
1.387016
1.380574
1.381862
1.388304
1.390881
1.399899
1.397323
1.393457
1.410206
1.388304
1.387016
1.401188
1.384439
1.383151
1.381862
1.379286
1.377997
1.389592
1.377997
1.376709
1.377997
1.381862
1.384439
1.388304
1.394746
1.376709
1.374132
1.368979
1.390881
1.370267
1.384439
1.371556
1.375421
1.381862
1.376709
1.385727
1.401188
1.371556
1.368979
1.368979
1.389592
1.370267
1.366402
1.380574
1.385727
1.374132
1.374132
1.374132
1.372844
1.359960
1.365114
1.354807
1.356095
1.384439
1.367691
1.366402
1.393457
1.377997
1.377997
1.377997
1.372844
1.390881
1.372844
1.376709
1.388304
1.372844
1.371556
1.379286
1.376709
1.362537
1.347077
1.347077
1.348365
1.371556
1.374132
1.371556
1.356095
1.366402
1.356095
1.354807
1.353519
1.356095
1.349654
1.352230
1.350942
1.361249
1.377997
1.353519
1.352230
1.354807
1.370267
1.356095
1.359960
1.353519
1.348365
1.359960
1.348365
1.349654
1.374132
1.350942
1.353519
1.358672
1.359960
1.362537
1.358672
1.375421
1.359960
1.358672
1.357384
1.357384
1.357384
1.354807
1.350942
1.352230
1.376709
1.354807
1.371556
1.368979
1.361249
1.361249
1.361249
1.368979
1.367691
1.356095
1.368979
1.385727
1.410206
1.423089
1.441126
1.451433
1.455298
1.463028
1.470758
1.486219
1.466893
1.468182
1.464317
1.477200
1.456587
1.446280
1.438550
1.437261
1.434685
1.434685
1.437261
1.432108
1.430820
1.419224
1.419224
1.397323
1.411494
1.394746
1.394746
1.405053
1.388304
1.384439
1.385727
1.385727
1.377997
1.377997
1.397323
1.376709
1.375421
1.381862
1.372844
1.394746
1.366402
1.368979
1.389592
1.371556
1.367691
1.370267
1.371556
1.403764
1.376709
1.376709
1.388304
1.366402
1.363825
1.368979
1.384439
1.392169
1.377997
1.368979
1.367691
1.370267
1.362537
1.368979
1.371556
1.389592
1.397323
1.376709
1.374132
1.371556
1.372844
1.370267
1.376709
1.365114
1.363825
1.359960
1.371556
1.387016
1.372844
1.396034
1.374132
1.394746
1.372844
1.392169
1.370267
1.363825
1.366402
1.371556
1.365114
1.379286
1.397323
1.390881
1.398611
1.394746
1.398611
1.376709
1.394746
1.374132
1.389592
1.363825
1.359960
1.359960
1.384439
1.357384
1.361249
1.363825
