1.437261
1.438550
1.444991
1.439838
1.446280
1.439838
1.444991
1.437261
1.437261
1.437261
1.434685
1.435973
1.434685
1.441126
1.435973
1.442415
1.437261
1.437261
1.435973
1.433396
1.437261
1.437261
1.452721
1.438550
1.437261
1.443703
1.437261
1.435973
1.448856
1.437261
1.441126
1.451433
1.435973
1.432108
1.429531
1.428243
1.428243
1.425666
1.434685
1.432108
1.434685
1.446280
1.437261
1.434685
1.444991
1.429531
1.443703
1.432108
1.447568
1.434685
1.434685
1.432108
1.432108
1.443703
1.428243
1.437261
1.432108
1.432108
1.444991
1.433396
1.446280
1.437261
1.441126
1.435973
1.437261
1.450145
1.437261
1.448856
1.437261
1.439838
1.433396
1.441126
1.433396
1.435973
1.435973
1.439838
1.433396
1.434685
1.437261
1.434685
1.433396
1.438550
1.439838
1.448856
1.438550
1.443703
1.433396
1.438550
1.433396
1.437261
1.438550
1.441126
1.439838
1.442415
1.439838
1.434685
1.441126
1.430820
1.437261
1.425666
1.430820
1.424378
1.437261
1.425666
1.435973
1.432108
1.442415
1.435973
1.437261
1.441126
1.435973
1.439838
1.447568
1.441126
1.441126
1.435973
1.434685
1.446280
1.430820
1.429531
1.439838
1.433396
1.434685
1.430820
1.430820
1.438550
1.430820
1.426955
1.435973
1.424378
1.428243
1.428243
1.429531
1.442415
1.430820
1.439838
1.428243
1.428243
1.424378
1.428243
1.428243
1.425666
1.426955
1.432108
1.425666
1.428243
1.425666
1.425666
1.432108
1.421801
1.423089
1.417936
1.424378
1.417936
1.425666
1.430820
1.432108
1.448856
1.442415
1.448856
1.443703
1.446280
1.444991
1.446280
1.444991
1.443703
1.447568
1.439838
1.452721
1.439838
1.451433
1.438550
1.451433
1.437261
1.443703
1.430820
1.442415
1.429531
1.433396
1.425666
1.430820
1.432108
1.435973
1.434685
1.435973
1.443703
1.435973
1.437261
1.448856
1.442415
1.439838
1.441126
1.441126
1.434685
1.434685
1.441126
1.433396
1.438550
1.435973
1.438550
1.443703
1.441126
1.439838
1.439838
1.448856
1.435973
1.435973
1.442415
1.432108
1.433396
1.444991
1.434685
1.435973
1.443703
1.429531
1.425666
1.428243
1.435973
1.430820
1.429531
1.438550
1.439838
1.439838
1.450145
1.437261
1.437261
1.435973
1.434685
1.442415
1.432108
1.432108
1.439838
1.434685
1.434685
1.439838
1.426955
1.432108
1.433396
1.432108
1.437261
1.432108
1.442415
1.429531
1.441126
1.434685
1.439838
1.434685
1.435973
1.430820
1.433396
1.438550
1.438550
1.444991
1.438550
1.437261
1.444991
1.434685
1.434685
1.437261
1.434685
1.439838
1.433396
1.437261
1.451433
1.438550
1.435973
1.435973
1.434685
1.438550
1.433396
1.433396
1.442415
1.434685
1.435973
1.438550
1.435973
1.433396
1.433396
1.439838
1.450145
1.443703
1.439838
1.438550
1.441126
1.439838
1.448856
1.437261
1.437261
1.435973
1.432108
1.430820
1.435973
1.426955
1.429531
1.439838
1.434685
1.434685
1.439838
1.448856
1.438550
1.438550
1.448856
1.447568
1.437261
1.437261
1.439838
1.435973
1.433396
1.434685
1.444991
1.432108
1.433396
1.433396
1.447568
1.430820
1.433396
1.437261
1.437261
1.434685
1.430820
1.433396
1.430820
1.432108
1.438550
1.439838
1.438550
1.438550
1.443703
1.438550
1.437261
1.444991
1.432108
1.426955
1.435973
1.430820
1.430820
1.433396
1.446280
1.435973
1.437261
1.442415
1.448856
1.438550
1.435973
1.439838
1.433396
1.430820
1.432108
1.444991
1.433396
1.434685
1.435973
1.443703
1.430820
1.430820
1.434685
1.428243
1.425666
1.428243
1.438550
1.428243
1.429531
1.430820
1.434685
1.450145
1.438550
1.438550
1.438550
1.451433
1.439838
1.439838
1.442415
1.451433
1.437261
1.434685
1.433396
1.441126
1.426955
1.425666
1.434685
1.433396
1.430820
1.429531
1.428243
1.430820
1.443703
1.435973
1.439838
1.439838
1.439838
1.434685
1.444991
1.430820
1.430820
1.429531
1.433396
1.446280
1.434685
1.433396
1.433396
1.433396
1.435973
1.442415
1.443703
1.439838
1.437261
1.437261
1.438550
1.439838
1.428243
1.426955
1.433396
1.434685
1.437261
1.442415
1.437261
1.435973
1.437261
1.446280
1.438550
1.439838
1.438550
1.448856
1.435973
1.435973
1.437261
1.437261
1.433396
1.434685
1.441126
1.432108
1.437261
1.444991
1.438550
1.437261
1.447568
1.435973
1.439838
1.442415
1.442415
1.437261
1.438550
1.430820
1.433396
1.434685
1.434685
1.428243
1.428243
1.439838
1.429531
1.430820
1.430820
1.432108
1.435973
1.437261
1.444991
1.434685
1.435973
1.435973
1.439838
1.441126
1.444991
1.433396
1.429531
1.435973
1.435973
1.430820
1.432108
1.439838
1.429531
1.428243
1.446280
1.437261
1.439838
1.442415
1.442415
