1.465605
1.474623
1.464317
1.472047
1.461740
1.472047
1.464317
1.472047
1.461740
1.470758
1.466893
1.470758
1.466893
1.469470
1.464317
1.466893
1.477200
1.468182
1.477200
1.469470
1.472047
1.466893
1.463028
1.469470
1.455298
1.456587
1.463028
1.456587
1.456587
1.464317
1.456587
1.457875
1.468182
1.459163
1.469470
1.461740
1.465605
1.461740
1.466893
1.477200
1.468182
1.468182
1.478488
1.469470
1.468182
1.464317
1.463028
1.461740
1.461740
1.460452
1.461740
1.469470
1.461740
1.465605
1.465605
1.464317
1.472047
1.464317
1.466893
1.465605
1.464317
1.460452
1.457875
1.464317
1.459163
1.461740
1.466893
1.460452
1.465605
1.463028
1.468182
1.464317
1.474623
1.466893
1.474623
1.466893
1.477200
1.466893
1.470758
1.466893
1.472047
1.463028
1.470758
1.463028
1.468182
1.465605
1.465605
1.469470
1.478488
1.468182
1.477200
1.463028
1.469470
1.460452
1.466893
1.463028
1.461740
1.460452
1.459163
1.459163
1.459163
1.457875
1.457875
1.459163
1.461740
1.463028
1.461740
1.472047
1.466893
1.470758
1.481065
1.473335
1.474623
1.470758
1.468182
1.474623
1.464317
1.460452
1.469470
1.460452
1.464317
1.473335
1.463028
1.468182
1.468182
1.469470
1.475912
1.466893
1.465605
1.465605
1.466893
1.473335
1.464317
1.461740
1.459163
1.460452
1.469470
1.463028
1.469470
1.461740
1.466893
1.464317
1.463028
1.466893
1.465605
1.463028
1.469470
1.460452
1.461740
1.470758
1.464317
1.468182
1.464317
1.469470
1.463028
1.468182
1.464317
1.466893
1.465605
1.468182
1.477200
1.464317
1.470758
1.461740
1.463028
1.461740
1.463028
1.461740
1.460452
1.461740
1.461740
1.460452
1.463028
1.465605
1.465605
1.464317
1.460452
1.463028
1.461740
1.468182
1.463028
1.473335
1.466893
1.473335
1.468182
1.466893
1.477200
1.466893
1.470758
1.477200
1.470758
1.470758
1.473335
1.466893
1.461740
1.461740
1.459163
1.461740
1.470758
1.463028
1.464317
1.465605
1.460452
1.461740
1.465605
1.469470
1.465605
1.463028
1.469470
1.461740
1.463028
1.469470
1.461740
1.465605
1.469470
1.468182
1.460452
1.460452
1.470758
1.461740
1.463028
1.473335
1.465605
1.466893
1.466893
1.464317
1.472047
1.464317
1.465605
1.472047
1.463028
1.465605
1.472047
1.464317
1.465605
1.472047
1.461740
1.465605
1.459163
1.460452
1.460452
1.461740
1.461740
1.464317
1.470758
1.461740
1.469470
1.463028
1.472047
1.468182
1.465605
1.470758
1.461740
1.473335
1.464317
1.466893
1.468182
1.461740
1.463028
1.460452
1.459163
1.465605
1.455298
1.459163
1.469470
1.461740
1.460452
1.456587
1.461740
1.470758
1.469470
1.469470
1.474623
1.466893
1.464317
1.468182
1.465605
1.463028
1.463028
1.460452
1.466893
1.472047
1.461740
1.464317
1.464317
1.464317
1.473335
1.466893
1.465605
1.466893
1.463028
1.463028
1.473335
1.465605
1.466893
1.475912
1.465605
1.465605
1.465605
1.472047
1.464317
1.461740
1.465605
1.468182
1.460452
1.461740
1.469470
1.464317
1.465605
1.468182
1.473335
1.468182
1.469470
1.464317
1.473335
1.466893
1.464317
1.464317
1.459163
1.459163
1.461740
1.472047
1.461740
1.461740
1.463028
1.470758
1.461740
1.461740
1.473335
1.465605
1.465605
1.472047
1.460452
1.460452
1.464317
1.463028
1.463028
1.463028
1.472047
1.463028
1.463028
1.464317
1.470758
1.464317
1.463028
1.472047
1.465605
1.469470
1.470758
1.478488
1.466893
1.463028
1.461740
1.470758
1.461740
1.460452
1.465605
1.460452
1.464317
1.465605
1.474623
1.466893
1.469470
1.469470
1.465605
1.474623
1.463028
1.464317
1.464317
1.472047
1.463028
1.464317
1.464317
1.474623
1.469470
1.469470
1.470758
1.479777
1.464317
1.460452
1.463028
1.469470
1.468182
1.464317
1.460452
1.463028
1.468182
1.466893
1.459163
1.457875
1.457875
1.456587
1.470758
1.463028
1.466893
1.466893
1.466893
1.473335
1.465605
1.465605
1.465605
1.460452
1.460452
1.461740
1.470758
1.464317
1.464317
1.464317
1.465605
1.470758
1.465605
1.463028
1.469470
1.463028
1.464317
1.470758
1.465605
1.465605
1.465605
1.472047
1.464317
1.463028
1.465605
1.470758
1.461740
1.460452
1.465605
1.459163
1.464317
1.463028
1.463028
1.459163
1.460452
1.457875
1.460452
1.465605
1.469470
1.464317
1.464317
1.465605
1.461740
1.464317
1.472047
1.464317
1.464317
1.466893
1.459163
1.460452
1.461740
1.468182
1.461740
1.463028
1.466893
1.461740
1.465605
1.470758
1.466893
1.468182
1.469470
1.465605
1.468182
1.468182
1.477200
1.469470
1.464317
1.466893
1.466893
1.461740
1.463028
1.472047
1.464317
1.466893
1.475912
1.465605
1.466893
1.470758
