1.397323
1.396034
1.406341
1.416648
1.410206
1.405053
1.412783
1.408918
1.408918
1.402476
1.397323
1.406341
1.406341
1.408918
1.403764
1.411494
1.408918
1.402476
1.399899
1.390881
1.389592
1.392169
1.384439
1.381862
1.385727
1.387016
1.385727
1.387016
1.390881
1.393457
1.397323
1.387016
1.385727
1.381862
1.392169
1.394746
1.398611
1.403764
1.406341
1.412783
1.410206
1.403764
1.403764
1.406341
1.410206
1.405053
1.401188
1.399899
1.396034
1.398611
1.402476
1.405053
1.403764
1.410206
1.411494
1.407629
1.411494
1.407629
1.408918
1.405053
1.401188
1.399899
1.398611
1.402476
1.401188
1.410206
1.405053
1.398611
1.387016
1.385727
1.387016
1.392169
1.399899
1.403764
1.410206
1.410206
1.415359
1.417936
1.423089
1.430820
1.434685
1.438550
1.439838
1.419224
1.402476
1.397323
1.385727
1.387016
1.384439
1.388304
1.387016
1.381862
1.377997
1.375421
1.383151
1.393457
1.393457
1.399899
1.398611
1.392169
1.387016
1.380574
1.390881
1.392169
1.403764
1.419224
1.416648
1.416648
1.406341
1.397323
1.393457
1.398611
1.414071
1.417936
1.417936
1.419224
1.410206
1.393457
1.392169
1.397323
1.401188
1.397323
1.398611
1.401188
1.406341
1.406341
1.394746
1.389592
1.398611
1.402476
1.407629
1.405053
1.410206
1.416648
1.411494
1.412783
1.407629
1.401188
1.396034
1.390881
1.394746
1.393457
1.394746
1.389592
1.385727
1.383151
1.394746
1.388304
1.388304
1.380574
1.379286
1.380574
1.388304
1.397323
1.407629
1.415359
1.419224
1.417936
1.415359
1.407629
1.402476
1.401188
1.399899
1.398611
1.392169
1.388304
1.385727
1.392169
1.396034
1.401188
1.401188
1.401188
1.398611
1.394746
1.405053
1.402476
1.397323
1.383151
1.380574
1.387016
1.392169
1.405053
1.407629
1.417936
1.419224
1.426955
1.428243
1.426955
1.419224
1.420513
1.419224
1.416648
1.410206
1.405053
1.392169
1.388304
1.383151
1.385727
1.381862
1.384439
1.381862
1.381862
1.394746
1.407629
1.419224
1.424378
1.417936
1.416648
1.411494
1.412783
1.420513
1.406341
1.397323
1.396034
1.390881
1.384439
1.377997
1.374132
1.371556
1.368979
1.374132
1.376709
1.383151
1.383151
1.388304
1.387016
1.390881
1.396034
1.398611
1.414071
1.414071
1.414071
1.408918
1.410206
1.415359
1.412783
1.419224
1.424378
1.430820
1.424378
1.415359
1.406341
1.401188
1.399899
1.399899
1.397323
1.397323
1.401188
1.396034
1.394746
1.399899
1.403764
1.402476
1.402476
1.394746
1.394746
1.397323
1.394746
1.398611
1.405053
1.399899
1.402476
1.399899
1.398611
1.401188
1.394746
1.397323
1.396034
1.399899
1.394746
1.388304
1.390881
1.402476
1.403764
1.408918
1.410206
1.403764
1.399899
1.397323
1.402476
1.399899
1.396034
1.397323
1.396034
1.396034
1.397323
1.401188
1.403764
1.401188
1.399899
1.399899
1.406341
1.407629
1.402476
1.398611
1.396034
1.389592
1.388304
1.389592
1.390881
1.392169
1.397323
1.401188
1.405053
1.411494
1.411494
1.414071
1.407629
1.407629
1.406341
1.405053
1.408918
1.414071
1.412783
1.414071
1.412783
1.412783
1.405053
1.403764
1.402476
1.408918
1.411494
1.411494
1.407629
1.401188
1.394746
1.388304
1.379286
1.385727
1.393457
1.390881
1.383151
1.377997
1.379286
1.384439
1.390881
1.397323
1.407629
1.403764
1.405053
1.408918
1.415359
1.415359
1.411494
1.405053
1.403764
1.402476
1.401188
1.405053
1.405053
1.406341
1.401188
1.398611
1.394746
1.394746
1.390881
1.394746
1.397323
1.405053
1.407629
1.408918
1.403764
1.401188
1.411494
1.414071
1.408918
1.414071
1.428243
1.424378
1.417936
1.414071
1.410206
1.408918
1.412783
1.411494
1.401188
1.384439
1.383151
1.379286
1.376709
1.384439
1.393457
1.398611
1.401188
1.397323
1.398611
1.399899
1.398611
1.398611
1.397323
1.401188
1.401188
1.408918
1.402476
1.392169
1.388304
1.388304
1.385727
1.385727
1.393457
1.401188
1.401188
1.407629
1.415359
1.421801
1.428243
1.423089
1.414071
1.405053
1.408918
1.403764
1.398611
1.399899
1.389592
1.380574
1.371556
1.372844
1.381862
1.387016
1.407629
1.414071
1.415359
1.414071
1.408918
1.405053
1.401188
1.403764
1.405053
1.402476
1.394746
1.401188
1.398611
1.398611
1.406341
1.399899
1.398611
1.394746
1.394746
1.398611
1.398611
1.398611
1.397323
1.396034
1.393457
1.387016
1.402476
1.406341
1.405053
1.403764
1.392169
1.383151
1.380574
1.384439
1.388304
1.381862
1.390881
1.390881
1.397323
1.399899
1.405053
1.411494
1.414071
1.410206
1.410206
1.410206
1.410206
1.410206
1.408918
1.397323
1.393457
1.396034
1.394746
1.397323
1.396034
1.396034
1.397323
