1.383151
1.362537
1.359960
1.368979
1.380574
1.368979
1.371556
1.374132
1.366402
1.366402
1.370267
1.394746
1.374132
1.376709
1.389592
1.379286
1.377997
1.371556
1.381862
1.389592
1.397323
1.381862
1.374132
1.374132
1.374132
1.383151
1.379286
1.377997
1.405053
1.381862
1.384439
1.367691
1.368979
1.372844
1.370267
1.392169
1.394746
1.385727
1.371556
1.371556
1.371556
1.388304
1.375421
1.372844
1.371556
1.372844
1.371556
1.375421
1.379286
1.384439
1.375421
1.374132
1.403764
1.398611
1.379286
1.376709
1.390881
1.374132
1.398611
1.377997
1.379286
1.377997
1.379286
1.371556
1.385727
1.377997
1.379286
1.402476
1.385727
1.372844
1.368979
1.371556
1.372844
1.372844
1.370267
1.368979
1.365114
1.357384
1.370267
1.370267
1.398611
1.374132
1.372844
1.380574
1.376709
1.371556
1.398611
1.372844
1.375421
1.384439
1.393457
1.374132
1.372844
1.375421
1.377997
1.399899
1.374132
1.367691
1.371556
1.371556
1.381862
1.367691
1.405053
1.383151
1.403764
1.377997
1.388304
1.376709
1.372844
1.370267
1.379286
1.380574
1.405053
1.379286
1.385727
1.401188
1.384439
1.384439
1.381862
1.379286
1.389592
1.381862
1.370267
1.393457
1.361249
1.383151
1.363825
1.389592
1.363825
1.372844
1.390881
1.374132
1.398611
1.375421
1.393457
1.374132
1.388304
1.377997
1.376709
1.405053
1.379286
1.376709
1.375421
1.377997
1.377997
1.380574
1.374132
1.389592
1.399899
1.393457
1.401188
1.372844
1.374132
1.379286
1.389592
1.380574
1.383151
1.379286
1.388304
1.390881
1.388304
1.389592
1.368979
1.371556
1.368979
1.372844
1.393457
1.375421
1.387016
1.388304
1.366402
1.362537
1.365114
1.384439
1.367691
1.374132
1.381862
1.380574
1.380574
1.399899
1.383151
1.381862
1.389592
1.376709
1.381862
1.379286
1.401188
1.374132
1.377997
1.390881
1.377997
1.370267
1.374132
1.375421
1.374132
1.366402
1.372844
1.358672
1.393457
1.372844
1.370267
1.390881
1.367691
1.393457
1.372844
1.367691
1.401188
1.380574
1.384439
1.385727
1.405053
1.384439
1.375421
1.389592
1.374132
1.397323
1.383151
1.376709
1.394746
1.370267
1.374132
1.398611
1.363825
1.366402
1.366402
1.366402
1.394746
1.371556
1.388304
1.368979
1.375421
1.402476
1.381862
1.381862
1.379286
1.371556
1.374132
1.362537
1.368979
1.368979
1.392169
1.372844
1.375421
1.372844
1.384439
1.372844
1.368979
1.372844
1.398611
1.379286
1.380574
1.381862
1.377997
1.379286
1.381862
1.376709
1.376709
1.379286
1.396034
1.372844
1.377997
1.383151
1.379286
1.376709
1.380574
1.379286
1.384439
1.376709
1.377997
1.399899
1.371556
1.374132
1.371556
1.399899
1.388304
1.392169
1.384439
1.371556
1.370267
1.371556
1.370267
1.366402
1.397323
1.375421
1.372844
1.394746
1.372844
1.370267
1.370267
1.370267
1.394746
1.372844
1.371556
1.375421
1.376709
1.379286
1.379286
1.374132
1.375421
1.375421
1.375421
1.376709
1.377997
1.376709
1.374132
1.377997
1.377997
1.365114
1.380574
1.385727
1.376709
1.370267
1.367691
1.362537
1.368979
1.367691
1.368979
1.375421
1.372844
1.398611
1.379286
1.380574
1.377997
1.381862
1.376709
1.380574
1.370267
1.371556
1.384439
1.367691
1.374132
1.384439
1.375421
1.377997
1.375421
1.401188
1.372844
1.388304
1.383151
1.406341
1.374132
1.371556
1.380574
1.397323
1.381862
1.377997
1.401188
1.380574
1.377997
1.377997
1.390881
1.385727
1.370267
1.372844
1.383151
1.392169
1.376709
1.383151
1.387016
1.372844
1.365114
1.367691
1.371556
1.397323
1.388304
1.375421
1.376709
1.374132
1.376709
1.399899
1.397323
1.368979
1.380574
1.410206
1.385727
1.380574
1.379286
1.383151
1.396034
1.393457
1.375421
1.367691
1.375421
1.389592
1.393457
1.370267
1.374132
1.388304
1.376709
1.365114
1.376709
1.374132
1.368979
1.384439
1.371556
1.377997
1.376709
1.377997
1.379286
1.379286
1.380574
1.399899
1.392169
1.375421
1.370267
1.367691
1.362537
1.365114
1.390881
1.372844
1.368979
1.363825
1.370267
1.370267
1.381862
1.403764
1.406341
1.376709
1.371556
1.371556
1.374132
1.399899
1.396034
1.388304
1.385727
1.390881
1.368979
1.371556
1.374132
1.396034
1.377997
1.376709
1.394746
1.377997
1.372844
1.398611
1.371556
1.377997
1.380574
1.371556
1.372844
1.374132
1.380574
1.387016
1.367691
1.392169
1.374132
1.396034
1.376709
1.375421
1.397323
1.388304
1.380574
1.376709
1.374132
1.389592
1.377997
1.372844
1.366402
1.396034
1.372844
1.374132
1.397323
1.370267
1.372844
1.405053
1.372844
1.375421
1.405053
1.377997
1.397323
1.377997
1.398611
1.379286
1.372844
1.394746
1.376709
1.380574
1.380574
1.385727
1.377997
1.396034
1.372844
1.371556
1.363825
1.372844
1.370267
1.366402
1.372844
1.377997
1.377997
1.377997
1.385727
1.377997
1.385727
1.368979
1.375421
1.367691
1.370267
1.368979
1.368979
1.390881
1.371556
1.370267
1.371556
1.374132
1.377997
1.377997
1.372844
1.377997
1.376709
1.379286
1.379286
1.380574
1.379286
1.377997
1.394746
1.381862
1.370267
1.371556
1.367691
1.379286
1.396034
1.384439
1.380574
1.376709
1.375421
1.377997
1.379286
1.376709
1.380574
1.380574
1.375421
1.371556
1.368979
1.371556
1.366402
1.368979
1.362537
1.366402
1.368979
1.363825
1.365114
1.374132
1.377997
1.398611
1.389592
1.389592
1.398611
1.384439
1.372844
1.375421
1.402476
1.381862
1.376709
1.379286
1.393457
1.372844
1.376709
1.401188
1.389592
1.383151
1.399899
1.370267
1.387016
1.363825
1.371556
1.365114
1.363825
1.374132
1.375421
1.376709
1.387016
1.393457
1.389592
1.389592
1.366402
1.368979
1.370267
1.366402
1.366402
1.375421
1.385727
1.375421
1.375421
1.383151
1.381862
1.380574
1.403764
1.376709
1.394746
1.374132
1.377997
1.374132
1.375421
1.375421
1.372844
1.380574
1.376709
1.375421
1.398611
1.379286
1.376709
1.374132
1.372844
1.394746
1.374132
1.367691
1.387016
1.365114
1.361249
1.367691
1.372844
1.370267
1.367691
1.388304
1.375421
1.374132
1.380574
1.375421
1.377997
1.393457
1.371556
1.377997
1.384439
1.385727
1.387016
1.387016
1.396034
1.374132
1.375421
1.379286
1.372844
1.372844
1.377997
1.380574
1.371556
1.374132
1.379286
1.384439
1.379286
1.375421
1.394746
1.377997
1.403764
1.375421
1.370267
1.383151
1.393457
1.371556
1.370267
1.371556
1.394746
1.370267
1.363825
1.368979
1.376709
1.376709
1.372844
1.368979
1.379286
1.370267
1.377997
1.380574
1.381862
1.374132
1.375421
1.402476
1.379286
1.379286
1.380574
1.403764
1.383151
1.376709
1.376709
1.370267
1.394746
1.372844
1.370267
1.366402
1.380574
1.381862
1.365114
1.368979
1.372844
1.366402
1.371556
1.374132
1.375421
1.376709
1.376709
1.380574
1.384439
1.381862
1.380574
1.393457
1.379286
1.376709
1.379286
1.401188
1.377997
1.374132
1.406341
1.389592
1.376709
1.367691
1.372844
1.394746
1.390881
1.381862
1.375421
1.374132
1.372844
1.376709
1.397323
1.379286
1.376709
1.375421
1.385727
1.375421
1.388304
1.376709
1.377997
1.399899
1.380574
1.385727
1.372844
1.375421
1.379286
1.376709
1.372844
1.372844
1.375421
1.370267
1.396034
1.377997
1.380574
1.377997
1.380574
1.377997
1.399899
1.375421
1.375421
1.374132
1.381862
1.374132
1.379286
1.370267
1.399899
1.370267
1.379286
1.370267
1.376709
1.368979
1.376709
1.376709
1.363825
1.367691
1.374132
1.371556
1.394746
1.380574
1.375421
1.374132
1.370267
1.370267
1.380574
1.376709
1.377997
1.375421
1.383151
1.376709
1.372844
1.380574
1.405053
1.383151
1.380574
1.398611
1.374132
1.376709
1.383151
1.381862
1.366402
1.370267
1.374132
1.366402
1.370267
1.365114
1.393457
1.387016
1.399899
1.390881
1.383151
1.375421
1.377997
1.380574
1.380574
1.372844
1.381862
1.402476
1.408918
1.384439
1.379286
1.379286
1.401188
1.375421
1.385727
1.394746
1.393457
1.384439
1.389592
1.374132
1.366402
1.365114
1.396034
1.380574
1.393457
1.396034
1.394746
1.381862
1.380574
1.374132
1.406341
1.381862
1.377997
1.380574
1.383151
1.372844
1.377997
1.383151
1.381862
1.381862
1.390881
1.380574
1.380574
1.376709
1.387016
1.401188
1.396034
1.399899
1.398611
1.381862
1.376709
1.374132
1.401188
1.380574
1.372844
1.376709
1.363825
1.359960
1.363825
1.368979
1.370267
1.368979
1.374132
1.365114
1.387016
1.375421
1.368979
1.367691
1.370267
1.387016
1.374132
1.377997
1.376709
1.376709
1.379286
1.381862
1.407629
1.408918
1.385727
1.375421
1.377997
1.381862
1.379286
1.383151
1.372844
1.367691
1.374132
1.374132
1.366402
1.372844
1.372844
1.377997
1.379286
1.390881
1.368979
1.376709
1.374132
1.371556
1.406341
1.376709
1.377997
1.388304
1.377997
1.371556
1.374132
1.372844
1.371556
1.371556
1.376709
1.380574
1.374132
1.396034
1.387016
1.387016
1.381862
1.381862
1.380574
1.372844
1.370267
1.370267
1.367691
1.370267
1.367691
1.377997
1.390881
1.396034
1.375421
1.367691
1.375421
1.377997
1.376709
1.405053
1.371556
1.368979
1.376709
1.399899
1.394746
1.396034
1.368979
1.398611
1.371556
1.371556
1.375421
1.377997
1.390881
1.371556
1.374132
1.376709
1.398611
1.377997
1.376709
1.374132
1.383151
1.380574
1.377997
1.377997
1.399899
1.401188
1.394746
1.377997
1.372844
1.365114
1.377997
1.397323
1.374132
1.370267
1.375421
1.376709
1.379286
1.403764
1.389592
1.376709
1.376709
1.370267
1.392169
1.363825
1.359960
1.370267
1.372844
1.376709
1.371556
1.402476
1.376709
1.371556
1.372844
1.377997
1.372844
1.366402
1.370267
1.362537
1.367691
1.368979
1.370267
1.374132
1.394746
1.394746
1.372844
1.376709
1.379286
1.379286
1.396034
1.405053
1.393457
1.381862
1.376709
1.377997
1.379286
1.375421
1.377997
1.377997
1.375421
1.374132
1.398611
1.374132
1.366402
1.370267
1.371556
1.374132
1.374132
1.375421
1.374132
1.392169
1.377997
1.371556
1.374132
1.370267
1.370267
1.370267
1.370267
1.390881
1.376709
1.368979
1.368979
1.377997
1.394746
1.381862
1.379286
1.403764
1.398611
1.397323
1.397323
1.374132
1.375421
1.374132
1.376709
1.392169
1.392169
1.374132
1.389592
1.376709
1.370267
1.380574
1.377997
1.374132
1.372844
1.374132
1.367691
1.377997
1.371556
1.374132
1.376709
1.377997
1.372844
1.379286
1.401188
1.375421
1.374132
1.392169
1.383151
1.379286
1.388304
1.376709
1.385727
1.389592
1.370267
1.387016
1.380574
1.381862
1.362537
1.370267
1.368979
1.374132
1.381862
1.394746
1.374132
1.372844
1.375421
1.374132
1.381862
1.384439
1.408918
1.402476
1.384439
1.397323
1.389592
1.384439
1.379286
1.379286
1.390881
1.374132
1.372844
1.368979
1.371556
1.365114
1.370267
1.374132
1.368979
1.372844
1.371556
1.368979
1.372844
1.363825
1.365114
1.367691
1.372844
1.370267
1.396034
1.392169
1.377997
1.379286
1.372844
1.385727
1.381862
1.380574
1.374132
1.371556
1.389592
1.371556
1.372844
1.402476
1.379286
1.379286
1.380574
1.380574
1.380574
1.374132
1.374132
1.368979
1.370267
1.385727
1.370267
1.368979
1.371556
1.372844
1.377997
1.393457
1.407629
1.385727
1.375421
1.376709
1.370267
1.370267
1.367691
1.370267
1.366402
1.368979
1.376709
1.392169
1.376709
1.383151
1.383151
1.380574
1.377997
1.403764
1.376709
1.379286
1.376709
1.375421
1.376709
1.366402
1.374132
1.379286
1.366402
1.384439
1.359960
1.370267
1.399899
1.372844
1.375421
1.376709
1.377997
1.377997
1.379286
1.370267
1.377997
1.401188
1.374132
1.381862
1.372844
1.372844
1.371556
1.375421
1.398611
1.383151
1.392169
1.385727
1.389592
1.375421
1.368979
1.371556
1.370267
1.370267
1.371556
1.370267
1.375421
1.401188
1.374132
1.375421
1.397323
1.375421
1.372844
1.388304
1.376709
1.376709
1.376709
1.374132
1.368979
1.370267
1.368979
1.379286
1.368979
1.375421
1.371556
1.402476
1.376709
1.377997
1.388304
1.384439
1.384439
1.381862
1.381862
1.374132
1.399899
1.375421
1.377997
1.370267
1.371556
1.366402
1.366402
1.367691
1.376709
1.377997
1.405053
1.381862
1.387016
1.393457
1.376709
1.376709
1.376709
1.376709
1.374132
1.372844
1.397323
1.380574
1.393457
1.370267
1.368979
1.370267
1.394746
1.375421
1.368979
1.376709
1.371556
1.367691
1.390881
1.372844
1.377997
1.377997
1.383151
1.392169
1.375421
1.375421
1.392169
1.384439
1.385727
1.388304
1.401188
1.376709
1.374132
1.374132
1.380574
1.370267
1.372844
1.389592
1.368979
1.371556
1.394746
1.377997
1.374132
1.398611
1.374132
1.379286
1.376709
1.396034
1.367691
1.371556
1.375421
1.375421
1.390881
1.390881
1.379286
1.398611
1.397323
1.376709
1.371556
1.393457
1.396034
1.380574
1.370267
1.377997
1.399899
1.370267
1.358672
1.363825
1.368979
1.371556
1.387016
1.374132
1.363825
1.394746
1.376709
1.375421
1.372844
1.379286
1.367691
1.372844
1.374132
1.372844
1.368979
1.374132
1.374132
1.371556
1.397323
1.383151
1.374132
1.376709
1.398611
1.398611
1.367691
1.366402
1.379286
1.379286
1.375421
1.375421
1.368979
1.372844
1.381862
1.370267
1.375421
1.398611
1.379286
1.376709
1.376709
1.370267
1.371556
1.371556
1.367691
1.374132
1.376709
1.402476
1.380574
1.376709
1.371556
1.371556
1.375421
1.375421
1.398611
1.377997
1.376709
1.403764
1.398611
1.379286
1.377997
1.366402
1.397323
1.372844
1.372844
1.371556
1.392169
1.372844
1.371556
1.398611
1.375421
1.381862
1.384439
1.374132
1.377997
1.402476
1.376709
1.372844
1.376709
1.392169
1.372844
1.368979
1.371556
1.396034
1.375421
1.375421
1.375421
1.371556
1.401188
1.375421
1.374132
1.372844
1.380574
1.376709
1.399899
1.385727
1.375421
1.375421
1.376709
1.372844
1.376709
1.375421
1.403764
1.376709
1.374132
1.377997
1.388304
1.375421
1.371556
1.368979
1.367691
1.362537
1.365114
1.383151
1.370267
1.371556
1.367691
1.401188
1.380574
1.375421
1.377997
1.377997
1.372844
1.379286
1.370267
1.385727
1.388304
1.375421
1.377997
1.403764
1.374132
1.375421
1.375421
1.383151
1.375421
1.374132
1.371556
1.375421
1.376709
1.368979
1.370267
1.368979
1.368979
1.401188
1.371556
1.374132
1.375421
1.377997
1.377997
1.377997
1.375421
1.376709
1.389592
1.379286
1.374132
1.389592
1.374132
1.402476
1.374132
1.365114
1.371556
1.377997
1.377997
1.389592
1.390881
1.363825
1.367691
1.367691
1.366402
1.384439
1.376709
1.403764
1.380574
1.390881
1.376709
1.376709
1.375421
1.398611
1.372844
1.402476
1.375421
1.372844
1.385727
1.372844
1.372844
1.374132
1.376709
1.377997
1.375421
1.393457
1.393457
1.376709
1.375421
1.367691
1.374132
1.383151
1.370267
1.376709
1.375421
1.379286
1.377997
1.374132
1.403764
1.376709
1.376709
1.384439
1.375421
1.374132
1.393457
1.375421
1.396034
1.390881
1.389592
1.372844
1.376709
1.371556
1.372844
1.367691
1.372844
1.367691
1.368979
1.370267
1.376709
1.368979
1.374132
1.368979
1.363825
1.397323
1.392169
1.376709
1.371556
1.401188
1.393457
1.385727
1.393457
1.374132
1.398611
1.375421
1.393457
1.381862
1.384439
1.377997
1.381862
1.377997
1.375421
1.380574
1.379286
1.375421
1.376709
1.367691
1.375421
1.375421
1.394746
1.374132
1.370267
1.368979
1.370267
1.379286
1.361249
1.367691
1.394746
1.374132
1.370267
1.374132
1.374132
1.372844
1.374132
1.403764
1.377997
1.376709
1.375421
1.375421
1.366402
1.362537
1.367691
1.374132
1.384439
1.394746
1.389592
1.375421
1.377997
1.375421
1.393457
1.376709
1.374132
1.374132
1.402476
1.376709
1.399899
1.376709
1.375421
1.393457
1.370267
1.375421
1.371556
1.394746
1.394746
1.393457
1.375421
1.375421
1.385727
1.371556
1.370267
1.362537
1.370267
1.367691
1.384439
1.394746
1.372844
1.374132
1.375421
1.370267
1.375421
1.372844
1.392169
1.403764
1.376709
1.398611
1.383151
1.379286
1.381862
1.405053
1.371556
1.381862
1.372844
1.375421
1.381862
1.366402
1.379286
1.367691
1.380574
1.372844
1.371556
1.379286
1.384439
1.362537
1.370267
1.376709
1.371556
1.376709
1.390881
1.375421
1.374132
1.397323
1.371556
1.390881
1.377997
1.374132
1.371556
1.367691
1.371556
1.368979
1.396034
1.368979
1.372844
1.379286
1.381862
1.381862
1.372844
1.397323
1.374132
1.366402
1.365114
1.401188
1.381862
1.376709
1.376709
1.402476
1.374132
1.368979
1.398611
1.392169
1.376709
1.372844
1.372844
1.365114
1.388304
1.375421
1.370267
1.368979
1.379286
1.398611
1.402476
1.381862
1.380574
1.376709
1.380574
1.401188
1.383151
1.405053
1.374132
1.406341
1.376709
1.387016
1.375421
1.398611
1.377997
1.368979
1.367691
1.359960
1.363825
1.389592
1.388304
1.368979
1.374132
1.367691
1.388304
1.375421
1.396034
1.376709
1.377997
1.380574
1.389592
1.380574
1.374132
1.392169
1.390881
1.371556
1.365114
1.376709
1.366402
1.368979
1.379286
1.371556
1.371556
1.392169
1.376709
1.377997
