1.426955
1.420513
1.426955
1.430820
1.426955
1.426955
1.428243
1.417936
1.429531
1.420513
1.425666
1.417936
1.420513
1.424378
1.426955
1.435973
1.425666
1.430820
1.426955
1.429531
1.426955
1.434685
1.432108
1.430820
1.429531
1.424378
1.438550
1.428243
1.429531
1.424378
1.429531
1.423089
1.424378
1.421801
1.421801
1.432108
1.426955
1.434685
1.423089
1.425666
1.417936
1.428243
1.421801
1.424378
1.433396
1.424378
1.429531
1.426955
1.424378
1.426955
1.426955
1.437261
1.429531
1.435973
1.430820
1.433396
1.435973
1.428243
1.425666
1.421801
1.425666
1.426955
1.424378
1.428243
1.420513
1.429531
1.421801
1.429531
1.423089
1.420513
1.428243
1.424378
1.421801
1.426955
1.417936
1.417936
1.423089
1.424378
1.428243
1.434685
1.429531
1.433396
1.430820
1.434685
1.435973
1.438550
1.430820
1.439838
1.428243
1.424378
1.432108
1.426955
1.434685
1.423089
1.425666
1.421801
1.420513
1.420513
1.420513
1.419224
1.421801
1.433396
1.425666
1.423089
1.421801
1.416648
1.421801
1.421801
1.423089
1.432108
1.425666
1.429531
1.429531
1.433396
1.429531
1.433396
1.444991
1.435973
1.435973
1.433396
1.429531
1.421801
1.414071
1.412783
1.415359
1.412783
1.411494
1.417936
1.416648
1.415359
1.420513
1.421801
1.421801
1.421801
1.423089
1.432108
1.424378
1.423089
1.433396
1.424378
1.430820
1.428243
1.429531
1.432108
1.430820
1.432108
1.429531
1.428243
1.429531
1.433396
1.432108
1.438550
1.426955
1.423089
1.429531
1.416648
1.417936
1.426955
1.421801
1.417936
1.420513
1.419224
1.420513
1.417936
1.419224
1.420513
1.419224
1.416648
1.410206
1.415359
1.434685
1.442415
1.447568
1.454010
1.446280
1.439838
1.439838
1.434685
1.434685
1.429531
1.432108
1.433396
1.437261
1.429531
1.424378
1.426955
1.424378
1.423089
1.425666
1.416648
1.419224
1.416648
1.419224
1.419224
1.419224
1.420513
1.417936
1.421801
1.421801
1.425666
1.419224
1.416648
1.428243
1.432108
1.439838
1.429531
1.420513
1.417936
1.419224
1.419224
1.419224
1.420513
1.420513
1.420513
1.417936
1.423089
1.434685
1.425666
1.426955
1.432108
1.428243
1.425666
1.423089
1.423089
1.432108
1.425666
1.428243
1.426955
1.430820
1.428243
1.429531
1.428243
1.429531
1.428243
1.435973
1.426955
1.425666
1.426955
1.426955
1.428243
1.423089
1.426955
1.423089
1.425666
1.425666
1.421801
1.430820
1.423089
1.421801
1.423089
1.432108
1.428243
1.426955
1.425666
1.423089
1.424378
1.425666
1.425666
1.423089
1.426955
1.420513
1.420513
1.423089
1.416648
1.415359
1.417936
1.423089
1.426955
1.430820
1.425666
1.425666
1.424378
1.437261
1.425666
1.433396
1.428243
1.432108
1.429531
1.428243
1.425666
1.429531
1.429531
1.433396
1.433396
1.434685
1.434685
1.429531
1.428243
1.424378
1.423089
1.420513
1.417936
1.421801
1.419224
1.420513
1.417936
1.416648
1.417936
1.433396
1.425666
1.428243
1.439838
1.430820
1.430820
1.424378
1.423089
1.424378
1.424378
1.425666
1.429531
1.423089
1.425666
1.433396
1.421801
1.419224
1.421801
1.424378
1.429531
1.421801
1.425666
1.434685
1.426955
1.426955
1.423089
1.423089
1.430820
1.425666
1.428243
1.430820
1.426955
1.432108
1.424378
1.424378
1.428243
1.426955
1.424378
1.428243
1.421801
1.429531
1.426955
1.426955
1.430820
1.432108
1.432108
1.429531
1.439838
1.426955
1.426955
1.426955
1.432108
1.424378
1.425666
1.419224
1.423089
1.421801
1.420513
1.420513
1.421801
1.416648
1.426955
1.423089
1.433396
1.424378
1.424378
1.415359
1.410206
1.415359
1.429531
1.435973
1.448856
1.438550
1.439838
1.435973
1.437261
1.434685
1.432108
1.429531
1.426955
1.429531
1.429531
1.434685
1.425666
1.424378
1.421801
1.421801
1.417936
1.416648
1.420513
1.417936
1.428243
1.420513
1.428243
1.421801
1.424378
1.424378
1.424378
1.430820
1.423089
1.426955
1.420513
1.433396
1.420513
1.428243
1.424378
1.426955
1.426955
1.430820
1.430820
1.426955
1.434685
1.424378
1.421801
1.419224
1.423089
1.420513
1.417936
1.419224
1.430820
1.425666
1.428243
1.429531
1.425666
1.423089
1.421801
1.424378
1.421801
1.423089
1.423089
1.423089
1.426955
1.421801
1.429531
1.423089
1.424378
1.424378
1.425666
1.425666
1.424378
1.424378
1.426955
1.429531
1.428243
1.428243
1.428243
1.428243
1.426955
1.425666
1.426955
1.432108
1.426955
1.429531
1.419224
1.428243
1.417936
1.417936
1.420513
1.425666
1.428243
1.433396
1.429531
1.432108
1.432108
1.430820
1.430820
1.433396
1.425666
1.430820
1.423089
1.426955
1.425666
1.426955
1.421801
1.419224
1.419224
1.417936
1.429531
1.425666
1.423089
1.424378
1.424378
1.423089
1.432108
1.425666
1.424378
1.434685
1.437261
1.438550
1.437261
1.432108
1.424378
1.419224
1.424378
1.416648
1.415359
1.415359
1.420513
1.415359
1.430820
1.423089
1.428243
1.426955
1.425666
1.432108
1.426955
1.438550
1.429531
1.429531
1.430820
1.429531
1.433396
1.428243
1.428243
1.430820
1.432108
1.415359
1.412783
1.415359
1.415359
1.417936
1.417936
1.420513
1.420513
1.428243
1.425666
1.430820
1.429531
1.426955
1.424378
1.424378
1.423089
1.424378
1.432108
1.433396
1.443703
1.430820
1.426955
1.423089
1.417936
1.426955
1.415359
1.419224
1.429531
1.420513
1.423089
1.432108
1.430820
1.429531
1.430820
1.438550
1.429531
1.432108
1.423089
1.430820
1.421801
1.430820
1.423089
1.421801
1.425666
1.423089
1.429531
1.420513
1.419224
1.432108
1.423089
1.419224
1.424378
1.424378
1.421801
1.420513
1.426955
1.439838
1.451433
1.451433
1.452721
1.460452
1.443703
1.438550
1.429531
1.426955
1.429531
1.426955
1.430820
1.424378
1.430820
1.423089
1.428243
1.420513
1.424378
1.419224
1.424378
1.419224
1.428243
1.417936
1.417936
1.425666
1.419224
1.421801
1.415359
1.421801
1.423089
1.421801
1.426955
1.425666
1.425666
1.435973
1.424378
1.429531
1.421801
1.421801
1.420513
1.424378
1.420513
1.426955
1.424378
1.429531
1.423089
1.421801
1.421801
1.419224
1.429531
1.428243
1.430820
1.429531
1.435973
1.432108
1.429531
1.429531
1.428243
1.428243
1.434685
1.432108
1.428243
1.434685
1.428243
1.425666
1.424378
1.424378
1.421801
1.420513
1.428243
1.424378
1.426955
1.423089
1.429531
1.424378
1.416648
1.420513
1.419224
1.426955
1.426955
1.429531
1.424378
1.432108
1.435973
1.434685
1.433396
1.426955
1.426955
1.442415
1.447568
1.441126
1.435973
1.435973
1.433396
1.434685
1.426955
1.423089
1.416648
1.417936
1.407629
1.417936
1.411494
1.425666
1.414071
1.424378
1.416648
1.424378
1.417936
1.428243
1.423089
1.423089
1.425666
1.428243
1.438550
1.428243
1.433396
1.443703
1.435973
1.435973
1.433396
1.434685
1.423089
1.421801
1.419224
1.419224
1.419224
1.415359
1.426955
1.419224
1.424378
1.420513
1.429531
1.417936
1.420513
1.428243
1.426955
1.430820
1.423089
1.428243
1.429531
1.430820
1.437261
1.425666
1.430820
1.423089
1.430820
1.424378
1.433396
1.428243
1.433396
1.443703
1.433396
1.437261
1.424378
1.428243
1.421801
1.424378
1.420513
1.423089
1.423089
1.424378
1.420513
1.419224
1.416648
1.415359
1.421801
1.419224
1.421801
1.419224
1.432108
1.424378
1.426955
1.426955
1.435973
1.428243
1.432108
1.426955
1.437261
1.429531
1.426955
1.423089
1.424378
1.425666
1.433396
1.425666
1.424378
1.425666
1.423089
1.419224
1.428243
1.415359
1.421801
1.446280
1.447568
1.454010
1.460452
1.461740
1.446280
1.439838
1.432108
1.425666
1.433396
1.423089
1.424378
1.424378
1.420513
1.417936
1.419224
1.419224
1.426955
1.419224
1.426955
1.419224
1.426955
1.419224
1.430820
1.420513
1.426955
1.415359
1.419224
1.419224
1.426955
1.416648
1.429531
1.423089
1.434685
1.424378
1.428243
1.424378
1.424378
1.421801
1.423089
1.423089
1.430820
1.420513
1.423089
1.425666
1.420513
1.425666
1.417936
1.421801
1.424378
1.425666
1.424378
1.424378
1.433396
1.423089
1.428243
1.426955
1.425666
1.426955
1.428243
1.428243
1.424378
1.420513
1.426955
1.419224
1.428243
1.421801
1.429531
1.428243
1.438550
1.433396
1.435973
1.437261
1.441126
1.429531
1.429531
1.423089
1.429531
1.421801
1.429531
1.421801
1.426955
1.423089
1.426955
1.429531
1.428243
1.434685
1.425666
1.421801
1.426955
1.421801
1.426955
1.423089
1.428243
1.430820
1.439838
1.428243
1.434685
1.424378
1.423089
1.423089
1.424378
1.425666
1.424378
1.435973
1.429531
1.435973
1.425666
1.432108
1.420513
1.429531
1.420513
1.429531
1.420513
1.426955
1.420513
1.429531
1.421801
1.424378
1.425666
1.421801
1.426955
1.425666
1.423089
1.425666
1.425666
1.421801
1.428243
1.428243
1.425666
1.424378
1.434685
1.423089
1.424378
1.423089
1.423089
1.423089
1.419224
1.428243
1.437261
1.438550
1.444991
1.438550
1.441126
1.421801
1.417936
1.420513
1.406341
1.407629
1.416648
1.414071
1.416648
1.430820
1.424378
1.430820
1.428243
1.423089
1.424378
1.423089
1.426955
1.428243
1.421801
1.424378
1.426955
1.423089
1.426955
1.425666
1.428243
1.437261
1.429531
1.428243
1.435973
1.428243
1.426955
1.438550
1.428243
1.429531
1.432108
1.423089
1.425666
1.430820
1.420513
1.417936
1.428243
1.424378
1.424378
1.420513
1.417936
1.429531
1.424378
1.430820
1.425666
1.424378
1.423089
1.412783
1.424378
1.435973
1.447568
1.450145
1.452721
1.443703
1.443703
1.439838
1.434685
1.434685
1.424378
1.423089
1.419224
1.428243
1.429531
1.428243
1.425666
1.432108
1.421801
1.421801
1.412783
1.417936
1.424378
1.420513
1.420513
1.425666
1.426955
1.439838
1.438550
1.437261
1.432108
1.429531
1.426955
1.432108
1.425666
1.421801
1.420513
1.423089
1.403764
1.410206
1.402476
1.406341
1.415359
1.414071
1.415359
1.423089
1.420513
1.428243
1.423089
1.433396
1.419224
1.429531
1.417936
1.428243
1.425666
1.433396
1.428243
1.430820
1.423089
1.421801
1.428243
1.419224
1.423089
1.424378
1.423089
1.423089
1.423089
1.430820
1.429531
1.429531
1.433396
1.434685
1.432108
1.438550
1.429531
1.433396
1.429531
1.429531
1.429531
1.429531
1.428243
1.444991
1.444991
1.443703
1.441126
1.424378
1.420513
1.424378
1.417936
1.420513
1.415359
1.417936
1.421801
1.415359
1.416648
1.420513
1.420513
1.430820
1.425666
1.424378
1.423089
1.428243
1.420513
1.425666
1.426955
1.421801
1.433396
1.426955
1.434685
1.428243
1.426955
1.435973
1.426955
1.423089
1.432108
1.425666
1.423089
1.433396
1.434685
1.433396
1.438550
1.438550
1.434685
1.433396
1.438550
1.428243
1.423089
1.421801
1.412783
1.416648
1.408918
1.416648
1.412783
1.412783
1.424378
1.417936
1.417936
1.421801
1.424378
1.428243
1.424378
1.426955
1.430820
1.428243
1.438550
1.429531
1.433396
1.432108
1.429531
1.426955
1.430820
1.423089
1.432108
1.424378
1.424378
1.425666
1.423089
1.433396
1.421801
1.424378
1.420513
1.421801
1.419224
1.429531
1.423089
1.428243
1.437261
1.435973
1.441126
1.432108
1.426955
1.421801
1.432108
1.420513
1.424378
1.420513
1.430820
1.423089
1.424378
1.421801
1.421801
1.424378
1.421801
1.429531
1.421801
1.432108
1.423089
1.426955
1.429531
1.429531
1.438550
1.425666
1.421801
1.424378
1.419224
1.425666
1.419224
1.423089
1.421801
1.430820
1.412783
1.420513
1.430820
1.439838
1.447568
1.441126
1.441126
1.441126
1.437261
1.441126
1.435973
1.435973
1.433396
1.430820
1.426955
1.421801
1.419224
1.424378
1.417936
1.420513
1.417936
1.423089
1.415359
1.421801
1.419224
1.423089
1.423089
1.421801
1.424378
1.423089
1.423089
1.428243
1.425666
1.425666
1.424378
1.423089
1.425666
1.434685
1.428243
1.425666
1.426955
1.434685
1.433396
1.426955
1.423089
1.417936
1.415359
1.425666
1.412783
1.412783
1.414071
1.425666
1.419224
1.419224
1.420513
1.423089
1.423089
1.437261
1.433396
1.442415
1.428243
1.429531
1.429531
1.428243
1.426955
1.424378
1.425666
1.421801
1.430820
1.421801
1.437261
1.426955
1.434685
1.424378
1.424378
1.423089
1.424378
1.428243
1.424378
1.428243
1.424378
1.429531
1.428243
1.435973
1.425666
1.434685
1.425666
1.421801
1.428243
1.419224
1.419224
1.423089
1.420513
1.420513
1.421801
1.425666
1.426955
1.426955
1.426955
1.428243
1.428243
1.428243
1.426955
1.429531
1.426955
1.433396
1.433396
1.437261
1.434685
1.437261
1.435973
1.432108
1.442415
1.438550
1.434685
1.433396
1.430820
1.426955
1.423089
1.433396
1.425666
1.420513
1.419224
1.420513
1.416648
1.408918
1.407629
1.403764
1.405053
1.415359
1.411494
1.412783
1.419224
1.415359
1.421801
1.414071
1.420513
1.421801
1.424378
1.433396
1.426955
1.430820
1.432108
1.429531
1.439838
1.426955
1.429531
1.434685
1.426955
1.430820
1.428243
1.429531
1.425666
1.434685
1.426955
1.430820
1.432108
1.430820
1.438550
1.425666
1.426955
1.428243
1.426955
1.426955
1.424378
1.420513
1.428243
1.421801
1.424378
1.423089
1.424378
1.424378
1.425666
1.428243
1.432108
1.432108
1.435973
1.430820
1.430820
1.429531
1.432108
1.421801
1.432108
1.419224
1.419224
1.421801
1.420513
1.420513
1.430820
1.416648
1.415359
1.424378
1.426955
1.438550
1.447568
1.442415
1.451433
1.441126
1.450145
1.435973
1.437261
1.434685
1.432108
1.430820
1.429531
1.428243
1.430820
1.432108
1.420513
1.425666
1.420513
1.420513
1.417936
1.411494
1.410206
1.410206
1.415359
1.416648
1.423089
1.414071
1.415359
1.426955
1.419224
1.426955
1.423089
1.423089
1.420513
1.420513
1.426955
1.425666
1.433396
1.425666
1.421801
1.425666
1.423089
1.428243
1.423089
1.426955
1.429531
1.430820
1.430820
1.430820
1.428243
1.437261
1.428243
1.429531
1.426955
1.425666
1.432108
1.424378
1.421801
1.428243
1.420513
1.419224
1.419224
1.420513
1.424378
1.425666
1.426955
1.430820
1.425666
1.429531
1.430820
1.444991
1.446280
1.444991
1.434685
1.428243
1.425666
1.435973
1.423089
1.421801
1.424378
1.423089
1.420513
1.416648
1.416648
1.428243
1.417936
1.417936
1.425666
1.419224
1.424378
1.420513
1.428243
1.421801
1.429531
1.425666
1.424378
1.434685
1.424378
1.424378
1.432108
1.423089
1.425666
1.433396
1.425666
1.424378
1.428243
1.426955
1.428243
1.426955
1.434685
1.429531
1.426955
1.429531
1.428243
1.428243
1.423089
1.428243
1.426955
1.432108
1.429531
1.429531
1.433396
1.424378
1.430820
1.426955
1.423089
1.425666
1.428243
1.419224
1.426955
1.423089
1.420513
1.421801
1.420513
1.425666
1.425666
1.426955
1.426955
1.426955
1.428243
1.429531
1.428243
1.435973
1.430820
1.429531
1.438550
1.428243
1.424378
1.428243
1.419224
1.423089
1.421801
1.428243
1.424378
1.425666
1.430820
1.435973
1.441126
1.430820
1.429531
1.426955
1.420513
1.430820
1.421801
1.420513
1.426955
1.417936
1.420513
1.408918
1.415359
1.410206
1.412783
1.417936
1.419224
1.421801
1.423089
1.423089
1.419224
1.421801
1.428243
1.432108
1.433396
1.437261
1.438550
1.435973
1.434685
1.432108
1.426955
1.433396
1.430820
1.430820
1.429531
1.426955
1.426955
1.423089
1.416648
1.428243
1.439838
1.447568
1.446280
1.454010
1.443703
1.438550
1.437261
1.433396
1.437261
1.429531
1.424378
1.421801
1.432108
1.423089
1.419224
1.415359
1.408918
1.401188
1.402476
1.408918
1.408918
1.412783
1.419224
1.415359
1.415359
1.417936
1.419224
1.420513
1.419224
1.433396
1.426955
1.425666
1.428243
1.426955
1.433396
1.428243
1.432108
1.421801
1.430820
1.428243
1.429531
1.425666
1.424378
1.430820
1.424378
1.421801
1.417936
1.420513
1.419224
1.424378
1.428243
1.437261
1.428243
1.430820
1.426955
1.434685
1.425666
1.430820
1.425666
1.437261
1.433396
1.438550
1.434685
1.426955
1.429531
1.426955
1.426955
1.421801
1.423089
1.423089
1.433396
1.421801
1.426955
1.423089
1.430820
1.421801
1.432108
1.420513
1.434685
1.424378
1.426955
1.433396
1.428243
1.437261
1.429531
1.425666
1.433396
1.425666
1.425666
1.433396
1.423089
1.421801
1.420513
1.421801
1.429531
1.424378
1.432108
1.416648
1.424378
1.424378
1.421801
1.429531
1.425666
1.433396
1.430820
1.430820
1.432108
1.426955
1.425666
1.423089
1.423089
1.420513
1.434685
1.425666
1.423089
1.421801
1.419224
1.424378
1.420513
1.420513
1.424378
1.417936
1.419224
1.423089
1.424378
1.429531
1.437261
1.425666
1.430820
1.432108
1.439838
1.429531
1.430820
1.430820
1.428243
1.433396
1.429531
1.428243
1.426955
1.429531
1.425666
1.423089
1.421801
1.423089
1.423089
1.424378
1.428243
1.426955
1.425666
1.433396
1.425666
1.430820
1.420513
1.420513
1.430820
1.435973
1.425666
1.421801
1.417936
1.420513
1.424378
1.419224
1.417936
1.432108
1.425666
1.425666
1.433396
1.421801
1.432108
1.426955
1.430820
1.429531
1.424378
1.429531
1.425666
1.424378
1.421801
1.426955
1.420513
1.420513
1.420513
1.420513
1.426955
1.417936
1.416648
