1.432108
1.429531
1.429531
1.428243
1.438550
1.426955
1.426955
1.442415
1.429531
1.425666
1.430820
1.447568
1.430820
1.426955
1.421801
1.434685
1.426955
1.426955
1.447568
1.433396
1.433396
1.447568
1.428243
1.426955
1.430820
1.443703
1.434685
1.433396
1.432108
1.433396
1.432108
1.432108
1.434685
1.448856
1.435973
1.437261
1.439838
1.442415
1.437261
1.437261
1.441126
1.451433
1.451433
1.450145
1.437261
1.429531
1.430820
1.435973
1.432108
1.424378
1.426955
1.430820
1.450145
1.433396
1.432108
1.430820
1.430820
1.444991
1.429531
1.426955
1.425666
1.437261
1.428243
1.426955
1.425666
1.433396
1.434685
1.438550
1.448856
1.443703
1.444991
1.442415
1.439838
1.432108
1.428243
1.424378
1.430820
1.438550
1.429531
1.430820
1.429531
1.433396
1.430820
1.429531
1.425666
1.426955
1.426955
1.446280
1.437261
1.439838
1.438550
1.435973
1.435973
1.447568
1.433396
1.434685
1.432108
1.432108
1.434685
1.433396
1.434685
1.437261
1.442415
1.430820
1.428243
1.429531
1.432108
1.434685
1.434685
1.444991
1.446280
1.434685
1.437261
1.432108
1.430820
1.429531
1.429531
1.428243
1.438550
1.423089
1.424378
1.429531
1.443703
1.430820
1.428243
1.438550
1.426955
1.430820
1.430820
1.434685
1.437261
1.448856
1.448856
1.435973
1.438550
1.429531
1.430820
1.429531
1.444991
1.443703
1.442415
1.434685
1.437261
1.433396
1.432108
1.432108
1.433396
1.434685
1.439838
1.438550
1.443703
1.448856
1.443703
1.446280
1.434685
1.433396
1.429531
1.428243
1.426955
1.423089
1.425666
1.428243
1.434685
1.437261
1.432108
1.441126
1.435973
1.433396
1.429531
1.433396
1.434685
1.435973
1.432108
1.430820
1.430820
1.430820
1.428243
1.428243
1.425666
1.430820
1.430820
1.429531
1.439838
1.432108
1.451433
1.455298
1.433396
1.429531
1.429531
1.441126
1.437261
1.421801
1.425666
1.441126
1.433396
1.433396
1.430820
1.432108
1.429531
1.446280
1.442415
1.430820
1.432108
1.430820
1.429531
1.433396
1.434685
1.437261
1.434685
1.432108
1.434685
1.443703
1.429531
1.433396
1.432108
1.437261
1.433396
1.435973
1.435973
1.437261
1.438550
1.437261
1.433396
1.432108
1.437261
1.443703
1.443703
1.444991
1.429531
1.433396
1.430820
1.432108
1.443703
1.439838
1.437261
1.443703
1.428243
1.428243
1.426955
1.426955
1.430820
1.430820
1.430820
1.432108
1.442415
1.435973
1.437261
1.437261
1.442415
1.446280
1.435973
1.434685
1.435973
1.433396
1.432108
1.442415
1.435973
1.447568
1.441126
1.444991
1.446280
1.430820
1.426955
1.430820
1.429531
1.430820
1.429531
1.428243
1.425666
1.425666
1.426955
1.426955
1.428243
1.429531
1.428243
1.426955
1.426955
1.433396
1.432108
1.444991
1.433396
1.434685
1.437261
1.435973
1.438550
1.452721
1.444991
1.437261
1.430820
1.438550
1.435973
1.437261
1.438550
1.454010
1.443703
1.439838
1.434685
1.444991
1.430820
1.425666
1.425666
1.437261
1.439838
1.428243
1.426955
1.432108
1.433396
1.430820
1.426955
1.439838
1.432108
1.433396
1.434685
1.446280
1.447568
1.438550
1.435973
1.433396
1.443703
1.435973
1.435973
1.448856
1.437261
1.433396
1.430820
1.430820
1.429531
1.426955
1.429531
1.446280
1.429531
1.432108
1.430820
1.444991
1.430820
1.429531
1.434685
1.426955
1.425666
1.430820
1.428243
1.434685
1.430820
1.429531
1.432108
1.442415
1.442415
1.429531
1.430820
1.438550
1.423089
1.424378
1.428243
1.426955
1.439838
1.428243
1.429531
1.429531
1.432108
1.441126
1.434685
1.438550
1.457875
1.441126
1.438550
1.448856
1.438550
1.439838
1.444991
1.443703
1.433396
1.432108
1.447568
1.434685
1.430820
1.430820
1.430820
1.437261
1.430820
1.432108
1.433396
1.430820
1.443703
1.430820
1.438550
1.428243
1.429531
1.441126
1.428243
1.426955
1.433396
1.426955
1.446280
1.429531
1.424378
1.439838
1.423089
1.423089
1.425666
1.425666
1.437261
1.430820
1.430820
1.430820
1.429531
1.446280
1.430820
1.429531
1.433396
1.433396
1.439838
1.433396
1.433396
1.437261
1.443703
1.444991
1.442415
1.439838
1.437261
1.444991
1.433396
1.433396
1.434685
1.451433
1.434685
1.432108
1.434685
1.444991
1.430820
1.434685
1.444991
1.433396
1.434685
1.442415
1.430820
1.428243
1.446280
1.425666
1.428243
1.429531
1.432108
1.430820
1.432108
1.430820
1.438550
1.432108
1.435973
1.432108
1.433396
1.438550
1.430820
1.444991
1.428243
1.426955
1.424378
1.433396
1.426955
1.428243
1.442415
1.428243
1.428243
1.432108
1.433396
1.425666
1.434685
1.426955
1.429531
1.425666
1.429531
1.439838
1.429531
1.432108
1.428243
1.432108
1.446280
1.432108
1.447568
1.434685
1.430820
1.429531
1.435973
1.439838
1.438550
1.438550
1.437261
1.451433
1.430820
1.433396
1.437261
1.432108
1.434685
1.446280
1.433396
1.429531
1.428243
1.426955
1.423089
1.432108
1.421801
1.421801
1.428243
1.424378
1.432108
1.437261
1.434685
1.437261
1.434685
1.434685
1.450145
1.438550
1.438550
1.437261
1.446280
1.437261
1.444991
1.437261
1.435973
1.430820
1.438550
1.429531
1.429531
1.439838
1.432108
1.433396
1.435973
1.433396
1.435973
1.430820
1.447568
1.429531
1.426955
1.435973
1.428243
1.429531
1.429531
1.432108
1.433396
1.429531
1.437261
1.429531
1.447568
1.429531
1.432108
1.432108
1.434685
1.433396
1.451433
1.435973
1.434685
1.439838
1.437261
1.435973
1.447568
1.425666
1.439838
1.424378
1.425666
1.426955
1.428243
1.432108
1.432108
1.432108
1.428243
1.435973
1.426955
1.435973
1.428243
1.434685
1.430820
1.423089
1.426955
1.441126
1.430820
1.432108
1.451433
1.434685
1.438550
1.448856
1.438550
1.434685
1.433396
1.430820
1.438550
1.437261
1.439838
1.452721
1.433396
1.434685
1.434685
1.430820
1.448856
1.433396
1.432108
1.432108
1.444991
1.430820
1.430820
1.446280
1.429531
1.426955
1.428243
1.433396
1.428243
1.429531
1.443703
1.428243
1.433396
1.442415
1.435973
1.438550
1.448856
1.434685
1.430820
1.433396
1.446280
1.444991
1.435973
1.432108
1.430820
1.432108
1.429531
1.428243
1.447568
1.432108
1.432108
1.429531
1.447568
1.430820
1.428243
1.429531
1.425666
1.425666
1.442415
1.426955
1.425666
1.428243
1.428243
1.438550
1.433396
1.437261
1.426955
1.429531
1.446280
1.438550
1.437261
1.441126
1.443703
1.457875
1.448856
1.442415
1.443703
1.441126
1.452721
1.439838
1.432108
1.430820
1.432108
1.429531
1.446280
1.432108
1.432108
1.429531
1.428243
1.426955
1.442415
1.435973
1.429531
1.429531
1.443703
1.429531
1.432108
1.429531
1.434685
1.434685
1.425666
1.428243
1.428243
1.444991
1.430820
1.430820
1.430820
1.444991
1.437261
1.434685
1.432108
1.443703
1.429531
1.425666
1.429531
1.425666
1.425666
1.434685
1.425666
1.421801
1.423089
1.424378
1.428243
1.429531
1.430820
1.432108
1.432108
1.432108
1.443703
1.444991
1.437261
1.438550
1.444991
1.441126
1.434685
1.433396
1.447568
1.432108
1.432108
1.434685
1.435973
1.435973
1.438550
1.452721
1.441126
1.437261
1.437261
1.433396
1.434685
1.434685
1.447568
1.443703
1.429531
1.442415
1.435973
1.442415
1.430820
1.430820
1.424378
1.421801
1.421801
1.426955
1.430820
1.430820
1.429531
1.429531
1.432108
1.430820
1.430820
1.441126
1.450145
1.437261
1.430820
1.433396
1.441126
1.439838
1.437261
1.447568
1.438550
1.432108
1.435973
1.442415
1.438550
1.432108
1.429531
1.447568
1.435973
1.434685
1.432108
1.432108
1.447568
1.432108
1.434685
1.450145
1.432108
1.429531
1.429531
1.429531
1.441126
1.438550
1.432108
1.429531
1.446280
1.429531
1.432108
1.430820
1.430820
1.430820
1.430820
1.446280
1.429531
1.429531
1.439838
1.421801
1.421801
1.425666
1.433396
1.434685
1.432108
1.434685
1.435973
1.432108
1.432108
1.448856
1.430820
1.430820
1.448856
1.435973
1.434685
1.434685
1.444991
1.441126
1.435973
1.428243
1.428243
1.426955
1.442415
1.439838
1.437261
1.432108
1.429531
1.428243
1.425666
1.426955
1.442415
1.433396
1.438550
1.438550
1.435973
1.434685
1.434685
1.441126
1.444991
1.434685
1.428243
1.426955
1.425666
1.432108
1.437261
1.432108
1.432108
1.433396
1.451433
1.435973
1.433396
1.434685
1.444991
1.434685
1.437261
1.435973
1.448856
1.435973
1.428243
1.426955
1.435973
1.432108
1.426955
1.424378
1.432108
1.434685
1.448856
1.437261
1.432108
1.430820
1.429531
1.429531
1.428243
1.444991
1.432108
1.430820
1.432108
1.451433
1.435973
1.434685
1.437261
1.434685
1.450145
1.435973
1.433396
1.429531
1.426955
1.430820
1.447568
1.429531
1.429531
1.428243
1.426955
1.442415
1.443703
1.433396
1.438550
1.450145
1.433396
1.434685
1.432108
1.433396
1.435973
1.426955
1.433396
1.433396
1.452721
1.434685
1.437261
1.448856
1.433396
1.433396
1.437261
1.433396
1.432108
1.443703
1.428243
1.426955
1.430820
1.439838
1.432108
1.430820
1.428243
1.424378
1.420513
1.438550
1.426955
1.430820
1.433396
1.437261
1.438550
1.433396
1.432108
1.432108
1.429531
1.432108
1.446280
1.443703
1.437261
1.446280
1.434685
1.433396
1.430820
1.439838
1.432108
1.432108
1.434685
1.447568
1.434685
1.430820
1.429531
1.428243
1.446280
1.442415
1.429531
1.432108
1.430820
1.429531
1.444991
1.426955
1.426955
1.428243
1.425666
1.426955
1.443703
1.426955
1.429531
1.439838
1.428243
1.443703
1.434685
1.432108
1.447568
1.433396
1.437261
1.451433
1.433396
1.433396
1.443703
1.434685
1.434685
1.432108
1.441126
1.447568
1.433396
1.430820
1.447568
1.432108
1.430820
1.446280
1.432108
1.432108
1.433396
1.430820
1.433396
1.447568
1.434685
1.432108
1.444991
1.430820
1.432108
1.448856
1.433396
1.435973
1.438550
1.435973
1.450145
1.435973
1.433396
1.448856
1.437261
1.429531
1.430820
1.433396
1.446280
1.432108
1.432108
1.432108
1.439838
1.429531
1.425666
1.425666
1.426955
1.428243
1.438550
1.430820
1.432108
1.439838
1.437261
1.435973
1.429531
1.428243
1.442415
1.429531
1.446280
1.434685
1.435973
1.438550
1.438550
1.441126
1.438550
1.447568
1.430820
1.429531
1.432108
1.430820
1.432108
1.446280
1.433396
1.429531
1.435973
1.428243
1.428243
1.426955
1.426955
1.444991
1.426955
1.424378
1.428243
1.439838
1.423089
1.426955
1.428243
1.446280
1.437261
1.442415
1.446280
1.444991
1.441126
1.439838
1.437261
1.435973
1.439838
1.434685
1.439838
1.433396
1.429531
1.432108
1.428243
1.428243
1.429531
1.438550
1.430820
1.438550
1.439838
1.420513
1.421801
1.429531
1.443703
1.455298
1.441126
1.444991
1.441126
1.455298
1.437261
1.433396
1.429531
1.441126
1.429531
1.429531
1.430820
1.441126
1.443703
1.437261
1.432108
1.425666
1.425666
1.424378
1.425666
1.437261
1.435973
1.433396
1.434685
1.442415
1.435973
1.437261
1.439838
1.438550
1.437261
1.434685
1.439838
1.430820
1.428243
1.430820
1.429531
1.426955
1.443703
1.428243
1.429531
1.437261
1.430820
1.428243
1.433396
1.428243
1.444991
1.433396
1.446280
1.433396
1.429531
1.434685
1.430820
1.432108
1.444991
1.428243
1.423089
1.426955
1.437261
1.426955
1.429531
1.430820
1.430820
1.450145
1.435973
1.434685
1.437261
1.435973
1.451433
1.439838
1.434685
1.451433
1.432108
1.437261
1.437261
1.434685
1.433396
1.441126
1.438550
1.451433
1.435973
1.446280
1.429531
1.428243
1.437261
1.423089
1.425666
1.438550
1.426955
1.429531
1.430820
1.424378
1.428243
1.439838
1.432108
1.428243
1.429531
1.437261
1.424378
1.426955
1.426955
1.437261
1.428243
1.425666
1.428243
1.443703
1.424378
1.432108
1.447568
1.439838
1.452721
1.441126
1.441126
1.441126
1.442415
1.438550
1.448856
1.433396
1.434685
1.448856
1.432108
1.432108
1.446280
1.430820
1.433396
1.435973
1.434685
1.434685
1.433396
1.446280
1.430820
1.428243
1.430820
1.446280
1.429531
1.442415
1.424378
1.438550
1.425666
1.423089
1.425666
1.425666
1.425666
1.425666
1.426955
1.428243
1.433396
1.424378
1.426955
1.428243
1.437261
1.426955
1.434685
1.432108
1.448856
1.437261
1.439838
1.441126
1.437261
1.434685
1.435973
1.444991
1.432108
1.437261
1.452721
1.439838
1.443703
1.450145
1.441126
1.435973
1.447568
1.432108
1.425666
1.426955
1.443703
1.426955
1.430820
1.443703
1.442415
1.430820
1.430820
1.432108
1.428243
1.447568
1.441126
1.437261
1.432108
1.430820
1.434685
1.430820
1.433396
1.432108
1.444991
1.426955
1.429531
1.437261
1.434685
1.425666
1.426955
1.430820
1.429531
1.426955
1.437261
1.437261
1.447568
1.433396
1.432108
1.444991
1.429531
1.429531
1.439838
1.430820
1.432108
1.443703
1.434685
1.441126
1.434685
1.434685
1.450145
1.434685
1.433396
1.435973
1.437261
1.448856
1.434685
1.428243
1.425666
1.423089
1.425666
1.442415
1.426955
1.432108
1.430820
1.434685
1.433396
1.434685
1.435973
1.451433
1.434685
1.433396
1.435973
1.433396
1.432108
1.441126
1.426955
1.424378
1.428243
1.437261
1.429531
1.426955
1.424378
1.428243
1.428243
1.432108
1.432108
1.430820
1.447568
1.444991
1.433396
1.435973
1.435973
1.433396
1.434685
1.442415
1.430820
1.434685
1.435973
1.452721
1.423089
1.412783
1.403764
1.396034
1.390881
1.385727
1.383151
1.381862
1.377997
1.377997
1.390881
1.377997
1.377997
1.376709
1.377997
1.393457
1.407629
1.397323
1.401188
1.420513
1.410206
1.415359
1.416648
1.417936
1.432108
1.417936
1.414071
1.415359
1.417936
1.417936
1.429531
1.424378
1.426955
1.425666
1.430820
1.432108
1.428243
1.432108
1.442415
1.435973
1.428243
1.430820
1.428243
1.428243
1.425666
1.439838
1.430820
1.433396
1.432108
1.438550
1.442415
1.434685
1.438550
1.432108
1.428243
1.426955
1.426955
1.426955
1.434685
1.439838
1.434685
1.433396
1.430820
1.434685
1.430820
1.425666
1.426955
1.432108
1.432108
1.432108
1.433396
1.437261
1.435973
1.433396
1.430820
1.441126
1.446280
1.439838
1.438550
1.438550
1.442415
1.428243
1.432108
1.435973
1.434685
1.434685
1.434685
1.433396
1.434685
1.435973
1.437261
1.437261
1.438550
1.435973
1.434685
1.434685
1.444991
1.433396
1.430820
1.429531
1.428243
1.428243
1.433396
1.433396
1.443703
1.457875
1.466893
1.473335
1.493949
1.493949
1.493949
1.486219
1.483642
1.482353
1.478488
1.475912
1.473335
1.470758
1.468182
1.466893
1.464317
1.461740
1.470758
1.454010
1.448856
1.450145
1.448856
1.450145
1.457875
1.461740
1.465605
1.451433
1.443703
1.442415
1.439838
1.437261
1.447568
1.450145
1.441126
1.437261
1.434685
1.433396
1.450145
1.439838
1.441126
1.433396
1.430820
1.433396
1.433396
1.433396
1.434685
1.434685
1.435973
1.435973
1.433396
1.430820
1.428243
1.426955
1.425666
1.424378
1.421801
1.426955
1.429531
1.428243
1.428243
1.425666
1.421801
1.425666
1.426955
1.428243
1.443703
1.426955
1.428243
1.430820
1.430820
1.430820
1.432108
1.434685
1.435973
1.434685
1.432108
1.426955
1.430820
1.432108
1.434685
1.438550
1.448856
1.447568
1.444991
1.434685
1.433396
1.430820
1.429531
1.414071
1.403764
1.403764
1.381862
1.377997
1.374132
1.376709
1.387016
1.394746
1.381862
1.383151
1.384439
1.385727
1.394746
1.397323
1.398611
1.399899
1.403764
1.403764
1.405053
1.406341
1.408918
1.412783
1.417936
1.426955
1.426955
1.419224
1.420513
1.421801
1.421801
1.424378
1.442415
1.425666
1.425666
1.426955
1.432108
1.430820
1.435973
1.442415
1.435973
1.435973
1.434685
1.435973
1.437261
1.438550
1.438550
1.437261
1.435973
1.434685
1.434685
1.438550
1.454010
1.439838
1.438550
1.438550
1.444991
1.443703
1.446280
1.447568
1.447568
1.443703
1.444991
1.443703
1.443703
1.444991
1.443703
1.441126
1.442415
1.447568
1.443703
1.457875
1.457875
1.442415
1.441126
1.434685
1.434685
1.434685
1.437261
1.439838
1.444991
1.442415
1.442415
1.442415
1.438550
1.438550
1.437261
1.434685
1.435973
1.434685
1.433396
1.437261
1.435973
1.438550
1.434685
1.432108
1.434685
1.434685
1.434685
1.433396
1.430820
1.430820
1.429531
1.442415
1.443703
1.432108
1.430820
1.430820
1.430820
1.429531
1.428243
1.430820
1.430820
1.432108
1.429531
1.429531
1.429531
1.432108
1.447568
1.451433
1.441126
1.433396
1.446280
1.442415
1.433396
1.428243
1.429531
1.428243
1.435973
1.433396
1.426955
1.425666
1.426955
1.424378
1.423089
1.425666
1.426955
1.426955
1.424378
1.420513
1.423089
1.421801
1.424378
1.439838
1.421801
1.425666
1.428243
1.428243
1.439838
1.426955
1.425666
1.420513
1.419224
1.419224
1.423089
1.423089
1.425666
1.423089
1.424378
1.425666
1.442415
1.442415
1.430820
1.429531
1.425666
1.425666
1.423089
1.420513
1.419224
1.420513
1.421801
1.424378
1.425666
1.425666
1.437261
1.419224
1.419224
1.421801
1.423089
1.425666
1.444991
1.429531
1.432108
1.430820
1.434685
1.433396
1.432108
1.432108
1.434685
1.439838
1.426955
1.430820
1.446280
1.455298
1.465605
1.474623
1.487507
1.490084
1.483642
1.483642
1.491372
1.495237
1.484930
1.482353
1.479777
1.477200
1.474623
1.478488
1.469470
1.459163
1.454010
1.450145
1.461740
1.446280
1.444991
1.442415
1.443703
1.444991
1.442415
1.438550
1.434685
1.441126
1.455298
1.442415
1.438550
1.448856
1.447568
1.433396
1.428243
1.421801
1.426955
1.429531
1.432108
1.439838
1.432108
1.432108
1.430820
1.432108
1.432108
1.429531
1.432108
1.438550
1.438550
1.451433
1.452721
1.444991
1.442415
1.437261
1.447568
1.446280
1.444991
1.437261
1.428243
1.430820
1.442415
1.447568
1.433396
1.432108
1.433396
1.434685
1.444991
1.434685
1.442415
1.434685
1.437261
1.439838
1.438550
1.434685
1.435973
1.432108
1.434685
1.433396
1.433396
1.428243
1.429531
1.442415
1.430820
1.425666
1.426955
1.443703
1.434685
1.432108
1.432108
1.429531
1.441126
1.439838
1.426955
1.425666
1.428243
1.432108
1.442415
1.432108
1.428243
1.429531
1.434685
1.433396
