1.237567
1.147383
1.137076
1.121616
1.210512
1.290390
1.311003
1.321310
1.311003
1.332905
1.385727
1.443703
1.442415
1.530022
1.591863
1.631802
1.608612
1.665299
1.595728
1.452721
1.432108
1.425666
1.419224
1.424378
1.425666
1.442415
1.521004
1.554501
1.484930
1.522292
1.481065
1.452721
1.459163
1.510697
1.482353
1.443703
1.385727
1.283948
1.191187
1.283948
1.390881
1.387016
1.417936
1.545482
1.684624
1.769655
1.813459
1.790269
1.749041
1.654992
1.508120
1.398611
1.340635
1.371556
1.411494
1.492660
1.577691
1.609900
1.577691
1.490084
1.299408
1.200205
1.205359
1.274930
1.353519
1.495237
1.649839
1.742600
1.724563
1.736158
1.740023
1.643397
1.473335
1.343212
1.323887
1.251739
1.206647
1.169285
1.131923
1.224684
1.334193
1.403764
1.434685
1.508120
1.597016
1.658857
1.642109
1.679471
1.719409
1.787692
1.778673
1.772232
1.709103
1.652415
1.633090
1.581556
1.450145
1.311003
1.219531
1.222107
1.311003
1.380574
1.414071
1.459163
1.499102
1.486219
1.541617
1.500390
1.385727
1.251739
0.981186
0.769897
0.825296
1.057199
1.336770
1.679471
1.883030
1.969349
1.955177
2.018306
1.938428
1.758060
1.606035
1.545482
1.508120
1.587998
1.531311
1.401188
1.353519
1.357384
1.456587
1.540329
1.554501
1.557078
1.488795
1.381862
1.216954
1.135788
1.179592
1.166708
1.103579
1.021125
0.978610
0.986340
1.062352
1.130635
1.245298
1.209224
1.082966
1.152536
1.316157
1.481065
1.616342
1.698796
1.763213
1.787692
1.828919
1.788980
1.785115
1.800575
1.807017
1.675606
1.622783
1.593151
1.608612
1.624072
1.737446
1.881741
1.974502
1.956465
1.858551
1.779962
1.754195
1.706526
1.671741
1.647262
1.599593
1.611188
1.519716
1.403764
1.329040
1.301985
1.272353
1.200205
1.156402
1.174438
1.179592
1.157690
1.182168
1.234991
1.300696
1.307138
1.201494
1.182168
1.300696
1.379286
1.454010
1.548059
1.555789
1.591863
1.662722
1.675606
1.640820
1.567384
1.348365
1.209224
1.242721
1.259469
1.299408
1.562231
1.801864
1.965484
1.901066
1.591863
1.313580
1.246586
1.247874
1.227261
1.258181
1.281371
1.206647
1.112598
1.048180
1.086831
1.120328
1.167997
1.246586
1.375421
1.450145
1.468182
1.515850
1.555789
1.594440
1.694931
1.917815
2.040208
2.172908
2.310761
2.300454
2.266957
2.180638
1.975791
1.714256
1.522292
1.380574
1.313580
1.240144
1.191187
1.034009
0.952843
0.893579
0.906462
0.930941
0.965726
1.014683
1.017260
1.079101
1.276218
1.466893
1.590575
1.567384
1.456587
1.329040
1.383151
1.370267
1.271064
1.214377
1.387016
1.545482
1.618918
1.703949
1.701373
1.770943
1.716833
1.590575
1.421801
1.392169
1.411494
1.482353
1.569961
1.676894
1.666587
1.674317
1.649839
1.521004
1.433396
1.407629
1.451433
1.559654
1.669164
1.666587
1.606035
1.466893
1.366402
1.296831
1.240144
1.329040
1.384439
1.420513
1.408918
1.478488
1.515850
1.521004
1.502967
1.461740
1.433396
1.402476
1.374132
1.268488
1.189899
1.111309
1.165420
1.339347
1.478488
1.532599
1.606035
1.542906
1.482353
1.424378
1.388304
1.509409
1.544194
1.487507
1.497814
1.546771
1.618918
1.656280
1.712968
1.643397
1.541617
1.463028
1.362537
1.316157
1.429531
1.408918
1.432108
1.430820
1.522292
1.563519
1.654992
1.689777
1.734870
1.644685
1.514562
1.540329
1.524869
1.479777
1.511985
1.575114
1.578980
1.528734
1.390881
1.419224
1.502967
1.577691
1.697508
1.611188
1.479777
1.365114
1.298120
1.287813
1.403764
1.429531
1.464317
1.356095
1.294255
1.356095
1.487507
1.558366
1.703949
1.779962
1.750330
1.742600
1.799287
1.797999
1.715544
1.631802
1.495237
1.341924
1.157690
1.027567
1.030143
1.095849
1.153825
1.157690
1.300696
1.366402
1.460452
1.452721
1.486219
1.501679
1.505544
1.466893
1.502967
1.469470
1.424378
1.463028
1.536464
1.562231
1.633090
1.621495
1.657569
1.599593
1.559654
1.402476
1.233702
1.139653
1.117751
1.095849
1.143518
1.097138
1.140941
1.247874
1.426955
1.631802
1.774808
1.880453
1.796710
1.777385
1.683336
1.553213
1.447568
1.416648
1.350942
1.326463
1.296831
1.340635
1.380574
1.384439
1.392169
1.426955
1.483642
1.548059
1.495237
1.414071
1.439838
1.509409
1.600881
1.682047
1.734870
1.705238
1.665299
1.640820
1.505544
1.470758
1.396034
1.314868
1.193764
1.131923
1.089407
1.084254
1.138365
1.218242
1.377997
1.566096
1.787692
1.843091
1.871434
1.916527
1.872723
1.843091
1.831496
1.724563
1.602170
1.522292
1.470758
1.533887
1.501679
1.466893
1.423089
1.537752
1.627937
1.678182
1.664010
1.629225
1.660145
1.496525
1.334193
1.380574
1.439838
1.441126
1.454010
1.432108
1.452721
1.497814
1.517139
1.586710
1.618918
1.683336
1.719409
1.718121
1.488795
1.416648
1.335482
1.180880
1.064929
1.088119
1.184745
1.232414
1.268488
1.242721
1.090696
0.880695
0.759590
0.728670
0.795664
0.988916
1.231126
1.345789
1.451433
1.486219
1.492660
1.457875
1.444991
1.518427
1.504255
1.535176
1.542906
1.504255
1.492660
1.571249
1.586710
1.693642
1.788980
1.792845
1.779962
1.710391
1.613765
1.587998
1.634378
1.660145
1.643397
1.618918
1.593151
1.563519
1.533887
1.545482
1.569961
1.548059
1.401188
1.245298
1.251739
1.320022
1.472047
1.599593
1.654992
1.768367
1.859839
1.786403
1.638244
1.575114
1.571249
1.542906
1.535176
1.535176
1.551924
1.526157
1.448856
1.334193
1.329040
1.280083
1.292966
1.442415
1.584133
1.627937
1.645974
1.633090
1.611188
1.563519
1.510697
1.437261
1.511985
1.505544
1.499102
1.508120
1.411494
1.326463
1.352230
1.309715
1.308427
1.291678
1.394746
1.433396
1.356095
1.234991
1.125481
1.200205
1.339347
1.426955
1.466893
1.406341
1.281371
1.231126
1.316157
1.259469
1.289101
1.222107
1.090696
1.023702
1.053334
1.160267
1.255604
1.336770
1.420513
1.598305
1.742600
1.777385
1.788980
1.657569
1.526157
1.387016
1.216954
1.237567
1.408918
1.502967
1.591863
1.649839
1.594440
1.617630
1.669164
1.640820
1.612477
1.618918
1.615053
1.644685
1.653704
1.670452
1.687201
1.803152
1.796710
1.797999
1.741311
1.706526
1.689777
1.578980
1.414071
1.254316
1.165420
1.153825
1.241432
1.361249
1.423089
1.502967
1.636955
1.675606
1.630513
1.564808
1.527446
1.466893
1.479777
1.500390
1.415359
1.399899
1.349654
1.271064
1.249163
1.309715
1.305850
1.349654
1.475912
1.521004
1.631802
1.740023
1.700084
1.712968
1.745176
1.769655
1.743888
1.645974
1.461740
1.330328
1.228549
1.209224
1.265911
1.348365
1.377997
1.377997
1.487507
1.576403
1.559654
1.508120
1.430820
1.417936
1.459163
1.484930
1.573826
1.608612
1.572538
1.530022
1.448856
1.289101
1.231126
1.219531
1.222107
1.228549
1.195052
1.223396
1.282660
1.361249
1.344500
1.388304
1.411494
1.510697
1.576403
1.568673
1.542906
1.457875
1.454010
1.447568
1.415359
1.374132
1.398611
1.370267
1.359960
1.278795
1.374132
1.394746
1.361249
1.317445
1.298120
1.370267
1.536464
1.501679
1.331617
1.334193
1.383151
1.473335
1.545482
1.617630
1.602170
1.616342
1.639532
1.697508
1.755483
1.765790
1.719409
1.729716
1.738735
1.633090
1.513274
1.358672
1.135788
1.018548
0.992781
1.005665
1.050757
1.158978
1.330328
1.466893
1.600881
1.682047
1.719409
1.773520
1.836649
1.724563
1.684624
1.666587
1.636955
1.652415
1.648550
1.609900
1.618918
1.591863
1.497814
1.387016
1.377997
1.457875
1.557078
1.609900
1.615053
1.745176
1.727139
1.624072
1.475912
1.352230
1.244009
1.258181
1.245298
1.299408
1.329040
1.292966
1.215666
1.250451
1.326463
1.381862
1.615053
1.836649
1.961619
1.988674
1.906220
1.756771
1.496525
1.348365
1.344500
1.370267
1.358672
1.367691
1.341924
1.359960
1.313580
1.332905
1.246586
1.158978
1.218242
1.347077
1.490084
1.584133
1.555789
1.545482
1.545482
1.461740
1.419224
1.447568
1.474623
1.490084
1.473335
1.396034
1.448856
1.537752
1.545482
1.510697
1.541617
1.608612
1.639532
1.670452
1.729716
1.682047
1.508120
1.410206
1.398611
1.421801
1.405053
1.428243
1.444991
1.426955
1.309715
1.281371
1.258181
1.223396
1.283948
1.283948
1.294255
1.300696
1.353519
1.340635
1.423089
1.365114
1.320022
1.340635
1.335482
1.374132
1.429531
1.379286
1.331617
1.357384
1.379286
1.356095
1.509409
1.564808
1.567384
1.580268
1.530022
1.459163
1.434685
1.455298
1.451433
1.578980
1.706526
1.711679
1.551924
1.454010
1.402476
1.407629
1.385727
1.294255
1.338059
1.363825
1.425666
1.528734
1.642109
1.680759
1.817324
1.941005
1.928122
1.835361
1.759348
1.787692
1.797999
1.787692
1.728428
1.657569
1.606035
1.504255
1.482353
1.437261
1.322598
1.202782
1.191187
1.223396
1.317445
1.318733
1.262046
1.228549
1.326463
1.366402
1.367691
1.345789
1.292966
1.303273
1.318733
1.304562
1.291678
1.381862
1.406341
1.444991
1.546771
1.510697
1.504255
1.575114
1.597016
1.645974
1.644685
1.475912
1.329040
1.242721
1.232414
1.352230
1.477200
1.555789
1.660145
1.821189
1.928122
1.995116
1.925545
1.848244
1.707814
1.568673
1.344500
1.260758
1.179592
1.115174
1.111309
1.231126
1.298120
1.359960
1.352230
1.348365
1.397323
1.380574
1.408918
1.441126
1.514562
1.589286
1.652415
1.683336
1.577691
1.497814
1.435973
1.406341
1.405053
1.497814
1.506832
1.576403
1.576403
1.518427
1.518427
1.554501
1.448856
1.269776
1.131923
1.102291
1.152536
1.258181
1.411494
1.508120
1.586710
1.585421
1.590575
1.527446
1.412783
1.285236
1.202782
1.209224
1.368979
1.541617
1.584133
1.557078
1.472047
1.402476
1.456587
1.442415
1.370267
1.233702
1.228549
1.283948
1.387016
1.473335
1.643397
1.723274
1.622783
1.505544
1.411494
1.487507
1.546771
1.576403
1.622783
1.678182
1.687201
1.714256
1.676894
1.679471
1.746465
1.893336
1.922968
1.868858
1.884318
1.792845
1.711679
1.559654
1.308427
1.054622
0.933517
0.954131
1.112598
1.280083
1.325175
1.340635
1.343212
1.362537
1.500390
1.604746
1.647262
1.606035
1.460452
1.383151
1.397323
1.380574
1.401188
1.505544
1.575114
1.532599
1.451433
1.439838
1.434685
1.527446
1.531311
1.582845
1.683336
1.653704
1.490084
1.416648
1.410206
1.481065
1.446280
1.479777
1.517139
1.567384
1.599593
1.653704
1.662722
1.621495
1.568673
1.446280
1.332905
1.173150
1.165420
1.137076
1.234991
1.412783
1.537752
1.624072
1.688489
1.661434
1.691066
1.778673
1.801864
1.675606
1.508120
1.374132
1.303273
1.344500
1.432108
1.424378
1.371556
1.356095
1.301985
1.317445
1.317445
1.305850
1.387016
1.350942
1.320022
1.370267
1.343212
1.267199
1.350942
1.541617
1.656280
1.701373
1.843091
1.835361
1.825054
1.770943
1.635667
1.559654
1.479777
1.325175
1.283948
1.363825
1.371556
1.316157
1.348365
1.289101
1.309715
1.314868
1.278795
1.299408
1.307138
1.335482
1.357384
1.416648
1.428243
1.510697
1.484930
1.411494
1.322598
1.331617
1.343212
1.428243
1.501679
1.518427
1.473335
1.435973
1.456587
1.500390
1.604746
1.810882
1.928122
2.017018
2.015729
1.854686
1.709103
1.569961
1.524869
1.491372
1.468182
1.531311
1.710391
1.822477
1.862416
1.773520
1.656280
1.625360
1.589286
1.492660
1.497814
1.564808
1.519716
1.421801
1.454010
1.433396
1.381862
1.363825
1.313580
1.318733
1.329040
1.272353
1.204070
1.149960
1.175727
1.167997
1.196340
1.218242
1.246586
1.223396
1.046892
0.906462
0.836891
0.875542
0.894867
1.022413
1.269776
1.358672
1.377997
1.423089
1.484930
1.504255
1.528734
1.535176
1.530022
1.553213
1.567384
1.586710
1.613765
1.591863
1.608612
1.633090
1.688489
1.747753
1.590575
1.567384
1.648550
1.639532
1.537752
1.499102
1.509409
1.553213
1.731005
1.792845
1.773520
1.799287
1.886895
1.907508
1.943582
1.849533
1.724563
1.639532
1.490084
1.314868
1.232414
1.231126
1.237567
1.336770
1.363825
1.359960
1.321310
1.282660
1.195052
1.131923
1.107444
1.183457
1.296831
1.314868
1.271064
1.251739
1.232414
1.260758
1.303273
1.313580
1.245298
1.283948
1.367691
1.387016
1.376709
1.411494
1.451433
1.527446
1.550636
1.540329
1.575114
1.497814
1.408918
1.470758
1.533887
1.527446
1.537752
1.544194
1.586710
1.630513
1.684624
1.651127
1.635667
1.514562
1.437261
1.402476
1.327752
1.234991
1.198917
1.362537
1.406341
1.497814
1.519716
1.575114
1.666587
1.845667
2.040208
2.230883
2.416405
2.359718
2.260515
2.154871
1.955177
1.702661
1.499102
1.264623
1.098426
0.955419
0.897444
0.880695
0.871677
0.933517
0.996646
1.157690
1.308427
1.424378
1.495237
1.429531
1.341924
1.313580
1.336770
1.454010
1.580268
1.679471
1.745176
1.718121
1.643397
1.669164
1.689777
1.576403
1.483642
1.496525
1.423089
1.335482
1.238856
1.193764
1.161555
1.267199
1.300696
1.329040
1.368979
1.401188
1.435973
1.546771
1.568673
1.611188
1.685912
1.598305
1.629225
1.634378
1.682047
1.691066
1.683336
1.576403
1.478488
1.318733
1.075236
0.964438
0.968303
1.076524
1.191187
1.304562
1.340635
1.398611
1.446280
1.478488
1.544194
1.693642
1.683336
1.714256
1.742600
1.742600
1.700084
1.536464
1.363825
1.166708
1.142230
1.192475
1.251739
1.335482
1.432108
1.506832
1.546771
1.521004
1.425666
1.443703
1.456587
1.459163
1.518427
1.536464
1.554501
1.586710
1.560943
1.560943
1.518427
1.352230
1.300696
1.359960
1.359960
1.463028
1.555789
1.540329
1.539041
1.452721
1.460452
1.454010
1.419224
1.376709
1.403764
1.423089
1.375421
1.371556
1.419224
1.442415
1.456587
1.426955
1.463028
1.488795
1.459163
1.380574
1.301985
1.387016
1.466893
1.571249
1.640820
1.624072
1.693642
1.807017
1.874011
1.902355
1.850821
1.707814
1.611188
1.406341
1.202782
0.990205
0.862658
0.900020
0.923211
0.878118
0.930941
0.997935
1.049469
1.071371
1.107444
1.148671
1.264623
1.283948
1.396034
1.421801
1.393457
1.385727
1.353519
1.357384
1.535176
1.658857
1.749041
1.868858
1.908796
1.897201
1.858551
1.742600
1.688489
1.649839
1.680759
1.651127
1.612477
1.575114
1.496525
1.517139
1.501679
1.492660
1.540329
1.670452
1.652415
1.745176
1.827631
1.858551
1.857263
1.861128
1.868858
1.827631
1.742600
1.638244
1.609900
1.432108
1.223396
1.080389
1.028855
1.063641
1.099714
1.059775
1.023702
1.211800
1.399899
1.484930
1.615053
1.692354
1.653704
1.643397
1.584133
1.421801
1.322598
1.331617
1.305850
1.345789
1.477200
1.600881
1.657569
1.631802
1.595728
1.633090
1.680759
1.709103
1.638244
1.553213
1.576403
1.618918
1.567384
1.528734
1.459163
1.446280
1.495237
1.530022
1.573826
1.622783
1.698796
1.858551
1.910085
1.880453
1.764502
1.537752
1.415359
1.416648
1.354807
1.311003
1.352230
1.329040
1.321310
1.406341
1.419224
1.399899
1.322598
1.200205
1.156402
1.205359
1.250451
1.371556
1.478488
1.539041
1.584133
1.455298
1.383151
1.372844
1.426955
1.421801
1.370267
1.327752
1.338059
1.392169
1.301985
1.224684
1.124193
1.023702
0.990205
1.021125
1.142230
1.283948
1.423089
1.594440
1.720698
1.803152
1.962907
2.044073
2.044073
1.975791
1.929410
1.751618
1.630513
1.439838
1.244009
1.195052
1.187322
1.237567
1.238856
1.186034
1.183457
1.260758
1.259469
1.332905
1.488795
1.524869
1.589286
1.718121
1.767078
1.803152
1.876588
1.828919
1.782538
1.765790
1.786403
1.634378
1.502967
1.384439
1.311003
1.421801
1.475912
1.438550
1.403764
1.370267
1.410206
1.461740
1.541617
1.582845
1.562231
1.470758
1.365114
1.327752
1.202782
1.066217
1.115174
1.161555
1.219531
1.205359
1.285236
1.340635
1.455298
1.502967
1.505544
1.454010
1.362537
1.274930
1.368979
1.532599
1.603458
1.693642
1.724563
1.711679
1.555789
1.505544
1.524869
1.557078
1.477200
1.401188
1.461740
1.502967
1.432108
1.383151
1.439838
1.424378
1.433396
1.495237
1.511985
1.597016
1.624072
1.639532
1.660145
1.575114
1.417936
1.470758
1.415359
1.407629
1.483642
1.586710
1.553213
1.470758
1.454010
1.487507
1.566096
1.613765
1.683336
1.741311
1.696219
1.621495
1.607323
1.511985
1.392169
1.322598
1.317445
1.353519
1.389592
1.438550
1.515850
1.550636
1.496525
1.465605
1.456587
1.452721
1.390881
1.368979
1.411494
1.363825
1.345789
1.300696
1.305850
1.354807
1.464317
1.420513
1.367691
1.392169
1.374132
1.320022
1.370267
1.446280
1.423089
1.415359
1.330328
1.254316
1.245298
1.383151
1.442415
1.398611
1.366402
1.429531
1.474623
1.502967
1.548059
1.604746
1.584133
1.557078
1.497814
1.322598
1.282660
1.292966
1.278795
1.224684
1.317445
1.403764
1.515850
1.624072
1.682047
1.721986
1.837937
1.867569
1.888183
1.968060
1.982232
1.935852
1.935852
1.836649
1.733581
1.533887
1.320022
1.192475
1.135788
1.019837
1.013395
1.023702
1.013395
1.071371
1.090696
1.135788
1.198917
1.372844
1.567384
1.712968
1.823766
1.917815
1.928122
1.947447
1.913950
1.774808
1.606035
1.432108
1.294255
1.249163
1.240144
1.205359
1.180880
1.124193
1.031432
1.124193
1.207935
1.245298
1.363825
1.548059
1.667876
1.737446
1.792845
1.720698
1.651127
1.630513
1.513274
1.424378
1.423089
1.421801
1.514562
1.639532
1.758060
1.841802
1.836649
1.805729
1.881741
1.901066
1.792845
1.636955
1.591863
1.546771
1.509409
1.580268
1.611188
1.600881
1.455298
1.387016
1.314868
1.327752
1.502967
1.597016
1.652415
1.612477
1.635667
1.665299
1.607323
1.576403
1.585421
1.587998
1.447568
1.215666
1.059775
1.098426
1.138365
1.157690
1.265911
1.291678
1.298120
1.289101
1.272353
1.345789
1.490084
1.522292
1.416648
1.385727
1.317445
1.265911
1.191187
1.265911
1.320022
1.251739
1.098426
0.919346
0.787934
0.666829
0.711922
0.891002
1.097138
1.340635
1.439838
1.419224
1.405053
1.455298
1.559654
1.629225
1.751618
