1.469470
1.461740
1.466893
1.463028
1.473335
1.461740
1.460452
1.461740
1.463028
1.475912
1.463028
1.460452
1.473335
1.463028
1.464317
1.468182
1.460452
1.459163
1.464317
1.456587
1.459163
1.470758
1.461740
1.459163
1.460452
1.463028
1.473335
1.461740
1.459163
1.470758
1.461740
1.459163
1.472047
1.456587
1.454010
1.460452
1.456587
1.465605
1.464317
1.461740
1.460452
1.460452
1.472047
1.464317
1.466893
1.466893
1.474623
1.466893
1.464317
1.460452
1.472047
1.466893
1.466893
1.469470
1.477200
1.465605
1.465605
1.466893
1.475912
1.469470
1.478488
1.464317
1.468182
1.452721
1.466893
1.457875
1.461740
1.470758
1.464317
1.460452
1.468182
1.452721
1.456587
1.456587
1.470758
1.461740
1.469470
1.457875
1.466893
1.460452
1.470758
1.465605
1.465605
1.464317
1.461740
1.473335
1.460452
1.461740
1.469470
1.457875
1.452721
1.459163
1.451433
1.448856
1.461740
1.459163
1.460452
1.468182
1.460452
1.464317
1.483642
1.473335
1.473335
1.490084
1.479777
1.470758
1.475912
1.466893
1.465605
1.466893
1.456587
1.454010
1.459163
1.452721
1.454010
1.455298
1.452721
1.465605
1.455298
1.456587
1.461740
1.474623
1.464317
1.464317
1.477200
1.469470
1.466893
1.472047
1.466893
1.464317
1.461740
1.464317
1.459163
1.473335
1.459163
1.457875
1.457875
1.457875
1.456587
1.465605
1.456587
1.469470
1.456587
1.469470
1.464317
1.466893
1.468182
1.473335
1.466893
1.475912
1.465605
1.474623
1.461740
1.464317
1.464317
1.464317
1.464317
1.464317
1.460452
1.468182
1.460452
1.472047
1.461740
1.461740
1.463028
1.469470
1.465605
1.473335
1.466893
1.468182
1.475912
1.464317
1.465605
1.460452
1.465605
1.451433
1.450145
1.452721
1.451433
1.451433
1.451433
1.451433
1.456587
1.461740
1.461740
1.474623
1.465605
1.470758
1.461740
1.469470
1.456587
1.457875
1.468182
1.456587
1.457875
1.475912
1.460452
1.459163
1.456587
1.455298
1.454010
1.469470
1.461740
1.465605
1.479777
1.469470
1.468182
1.479777
1.468182
1.474623
1.463028
1.468182
1.465605
1.461740
1.465605
1.452721
1.463028
1.452721
1.466893
1.459163
1.468182
1.461740
1.477200
1.465605
1.475912
1.464317
1.470758
1.463028
1.475912
1.465605
1.464317
1.463028
1.461740
1.465605
1.464317
1.463028
1.463028
1.468182
1.461740
1.459163
1.463028
1.459163
1.460452
1.457875
1.470758
1.464317
1.460452
1.457875
1.455298
1.461740
1.452721
1.459163
1.455298
1.457875
1.472047
1.464317
1.472047
1.465605
1.465605
1.477200
1.468182
1.472047
1.483642
1.470758
1.470758
1.474623
1.468182
1.463028
1.460452
1.459163
1.452721
1.452721
1.452721
1.455298
1.457875
1.456587
1.460452
1.457875
1.472047
1.460452
1.459163
1.459163
1.452721
1.452721
1.456587
1.452721
1.465605
1.456587
1.457875
1.465605
1.469470
1.482353
1.475912
1.478488
1.477200
1.472047
1.463028
1.461740
1.456587
1.468182
1.463028
1.460452
1.457875
1.472047
1.469470
1.463028
1.459163
1.459163
1.459163
1.463028
1.460452
1.461740
1.469470
1.463028
1.460452
1.456587
1.469470
1.459163
1.459163
1.466893
1.456587
1.455298
1.466893
1.461740
1.464317
1.473335
1.460452
1.459163
1.459163
1.457875
1.461740
1.464317
1.474623
1.460452
1.472047
1.460452
1.463028
1.460452
1.461740
1.474623
1.463028
1.466893
1.463028
1.463028
1.457875
1.456587
1.461740
1.456587
1.472047
1.457875
1.460452
1.470758
1.457875
1.455298
1.454010
1.466893
1.459163
1.465605
1.460452
1.460452
1.473335
1.466893
1.463028
1.464317
1.472047
1.479777
1.468182
1.466893
1.473335
1.464317
1.461740
1.461740
1.459163
1.470758
1.461740
1.457875
1.466893
1.461740
1.463028
1.463028
1.461740
1.460452
1.459163
1.465605
1.461740
1.473335
1.465605
1.460452
1.466893
1.464317
1.459163
1.459163
1.468182
1.459163
1.460452
1.464317
1.459163
1.464317
1.473335
1.466893
1.464317
1.477200
1.465605
1.463028
1.463028
1.457875
1.466893
1.464317
1.460452
1.457875
1.457875
1.470758
1.470758
1.464317
1.468182
1.468182
1.464317
1.469470
1.459163
1.456587
1.470758
1.463028
1.463028
1.460452
1.465605
1.459163
1.455298
1.450145
1.461740
1.460452
1.459163
1.459163
1.457875
1.459163
1.461740
1.463028
1.460452
1.461740
1.464317
1.474623
1.464317
1.463028
1.473335
1.463028
1.463028
1.464317
1.475912
1.470758
1.468182
1.466893
1.478488
1.469470
1.461740
1.460452
1.464317
1.470758
1.461740
1.457875
1.456587
1.457875
1.461740
1.454010
1.456587
1.464317
1.466893
1.475912
1.477200
1.469470
1.464317
1.460452
1.459163
1.459163
1.459163
1.461740
1.463028
1.468182
1.468182
1.469470
1.465605
1.468182
1.475912
1.472047
1.469470
1.469470
1.456587
1.455298
1.456587
1.459163
1.466893
1.461740
1.464317
1.475912
1.466893
1.473335
1.468182
1.473335
1.465605
1.461740
1.465605
1.454010
1.460452
1.456587
1.456587
1.468182
1.455298
1.454010
1.468182
1.459163
1.461740
1.463028
1.472047
1.464317
1.464317
1.468182
1.472047
1.461740
1.468182
1.464317
1.463028
1.477200
1.459163
1.454010
1.459163
1.450145
1.455298
1.452721
1.464317
1.466893
1.465605
1.463028
1.461740
1.463028
1.464317
1.466893
1.481065
1.469470
1.468182
1.465605
1.466893
1.468182
1.463028
1.460452
1.468182
1.470758
1.474623
1.461740
1.457875
1.457875
1.459163
1.457875
1.468182
1.468182
1.457875
1.460452
1.461740
1.470758
1.468182
1.464317
1.452721
1.450145
1.454010
1.456587
1.468182
1.461740
1.457875
1.456587
1.460452
1.459163
1.459163
1.466893
1.460452
1.464317
1.475912
1.469470
1.470758
1.472047
1.483642
1.477200
1.472047
1.469470
1.464317
1.466893
1.464317
1.470758
1.463028
1.460452
1.457875
1.457875
1.461740
1.457875
1.454010
1.463028
1.455298
1.454010
1.451433
1.454010
1.455298
1.452721
1.455298
1.459163
1.461740
1.466893
1.482353
1.483642
1.477200
1.470758
1.464317
1.464317
1.463028
1.466893
1.459163
1.459163
1.461740
1.470758
1.457875
1.459163
1.464317
1.463028
1.463028
1.463028
1.472047
1.460452
1.464317
1.465605
1.464317
1.469470
1.466893
1.465605
1.469470
1.472047
1.468182
1.464317
1.464317
1.477200
1.465605
1.460452
1.456587
1.455298
1.469470
1.461740
1.457875
1.461740
1.461740
1.454010
1.454010
1.465605
1.457875
1.456587
1.455298
1.466893
1.456587
1.452721
1.456587
1.466893
1.465605
1.469470
1.478488
1.469470
1.463028
1.472047
1.456587
1.454010
1.466893
1.456587
1.457875
1.470758
1.463028
1.464317
1.463028
1.468182
1.463028
1.475912
1.465605
1.459163
1.463028
1.464317
1.464317
1.461740
1.472047
1.472047
1.472047
1.461740
1.457875
1.455298
1.452721
1.455298
1.469470
1.457875
1.455298
1.456587
1.460452
1.459163
1.465605
1.474623
1.466893
1.478488
1.464317
1.473335
1.463028
1.470758
1.465605
1.464317
1.463028
1.463028
1.469470
1.464317
1.472047
1.461740
1.459163
1.469470
1.461740
1.461740
1.473335
1.456587
1.459163
1.461740
1.459163
1.452721
1.463028
1.461740
1.457875
1.461740
1.464317
1.473335
1.463028
1.464317
1.466893
1.464317
1.472047
1.464317
1.465605
1.469470
1.468182
1.466893
1.463028
1.465605
1.455298
1.470758
1.463028
1.463028
1.463028
1.459163
1.466893
1.461740
1.472047
1.464317
1.461740
1.460452
1.457875
1.470758
1.461740
1.460452
1.472047
1.461740
1.461740
1.460452
1.469470
1.457875
1.459163
1.469470
1.460452
1.474623
1.464317
1.472047
1.455298
1.455298
1.456587
1.456587
1.469470
1.454010
1.455298
1.457875
1.461740
1.465605
1.464317
1.478488
1.465605
1.461740
1.464317
1.470758
1.463028
1.463028
1.459163
1.464317
1.459163
1.460452
1.460452
1.468182
1.469470
1.469470
1.466893
1.473335
1.457875
1.454010
1.454010
1.456587
1.468182
1.473335
1.464317
1.464317
1.461740
1.473335
1.473335
1.470758
1.466893
1.465605
1.465605
1.460452
1.460452
1.465605
1.460452
1.457875
1.460452
1.472047
1.464317
1.460452
1.460452
1.459163
1.457875
1.457875
1.470758
1.475912
1.478488
1.477200
1.477200
1.470758
1.461740
1.459163
1.469470
1.463028
1.456587
1.456587
1.468182
1.463028
1.463028
1.466893
1.464317
1.466893
1.481065
1.478488
1.477200
1.475912
1.464317
1.465605
1.463028
1.463028
1.464317
1.461740
1.473335
1.463028
1.461740
1.455298
1.466893
1.456587
1.454010
1.455298
1.456587
1.468182
1.456587
1.457875
1.457875
1.451433
1.450145
1.459163
1.468182
1.472047
1.474623
1.466893
1.472047
1.475912
1.473335
1.470758
1.469470
1.465605
1.461740
1.465605
1.465605
1.456587
1.454010
1.457875
1.463028
1.475912
1.470758
1.469470
1.468182
1.464317
1.464317
1.473335
1.466893
1.461740
1.463028
1.464317
1.469470
1.463028
1.465605
1.461740
1.465605
1.465605
1.465605
1.461740
1.475912
1.468182
1.469470
1.464317
1.459163
1.459163
1.456587
1.456587
1.463028
1.475912
1.475912
1.466893
1.465605
1.461740
1.460452
1.473335
1.461740
1.457875
1.457875
1.460452
1.463028
1.452721
1.457875
1.468182
1.460452
1.464317
1.477200
1.461740
1.463028
1.475912
1.468182
1.466893
1.464317
1.461740
1.473335
1.460452
1.460452
1.464317
1.466893
1.461740
1.456587
1.468182
1.459163
1.468182
1.465605
1.474623
1.461740
1.475912
1.466893
1.479777
1.468182
1.463028
1.463028
1.455298
1.450145
1.461740
1.455298
1.459163
1.474623
1.465605
1.460452
1.464317
1.473335
1.461740
1.456587
1.454010
1.452721
1.456587
1.460452
1.456587
1.457875
1.469470
1.465605
1.463028
1.459163
1.461740
1.459163
1.469470
1.460452
1.457875
1.460452
1.465605
1.459163
1.460452
1.468182
1.459163
1.463028
1.463028
1.464317
1.472047
1.463028
1.465605
1.464317
1.461740
1.464317
1.466893
1.465605
1.473335
1.464317
1.460452
1.472047
1.459163
1.457875
1.469470
1.459163
1.460452
1.473335
1.469470
1.468182
1.478488
1.465605
1.466893
1.465605
1.468182
1.469470
1.460452
1.468182
1.457875
1.455298
1.460452
1.456587
1.455298
1.455298
1.459163
1.455298
1.457875
1.469470
1.461740
1.455298
1.452721
1.466893
1.459163
1.461740
1.464317
1.473335
1.460452
1.460452
1.463028
1.472047
1.464317
1.461740
1.464317
1.470758
1.477200
1.472047
1.466893
1.468182
1.468182
1.466893
1.466893
1.456587
1.450145
1.455298
1.451433
1.455298
1.460452
1.473335
1.463028
1.465605
1.465605
1.475912
1.465605
1.466893
1.469470
1.464317
1.469470
1.459163
1.455298
1.461740
1.457875
1.474623
1.460452
1.461740
1.452721
1.454010
1.459163
1.456587
1.459163
1.474623
1.466893
1.468182
1.469470
1.464317
1.463028
1.466893
1.456587
1.457875
1.457875
1.459163
1.472047
1.473335
1.463028
1.463028
1.466893
1.469470
1.469470
1.473335
1.461740
1.459163
1.461740
1.466893
1.464317
1.463028
1.472047
1.465605
1.461740
1.460452
1.455298
1.465605
1.454010
1.451433
1.455298
1.464317
1.460452
1.473335
1.470758
1.473335
1.475912
1.479777
1.473335
1.468182
1.463028
1.461740
1.457875
1.456587
1.456587
1.459163
1.455298
1.452721
1.455298
1.455298
1.457875
1.456587
1.459163
1.460452
1.461740
1.469470
1.469470
1.468182
1.461740
1.460452
1.464317
1.464317
1.461740
1.457875
1.463028
1.468182
1.468182
1.464317
1.464317
1.468182
1.465605
1.469470
1.473335
1.472047
1.474623
1.472047
1.470758
1.465605
1.464317
1.460452
1.459163
1.457875
1.456587
1.470758
1.464317
1.472047
1.470758
1.464317
1.463028
1.465605
1.466893
1.472047
1.469470
1.469470
1.472047
1.463028
1.469470
1.472047
1.459163
1.454010
1.450145
1.454010
1.452721
1.450145
1.461740
1.465605
1.459163
1.460452
1.463028
1.473335
1.468182
1.466893
1.465605
1.464317
1.463028
1.463028
1.470758
1.469470
1.465605
1.461740
1.460452
1.460452
1.473335
1.466893
1.466893
1.469470
1.468182
1.478488
1.464317
1.463028
1.460452
1.469470
1.463028
1.460452
1.457875
1.459163
1.454010
1.465605
1.460452
1.460452
1.473335
1.468182
1.469470
1.468182
1.464317
1.459163
1.455298
1.461740
1.454010
1.452721
1.454010
1.457875
1.459163
1.460452
1.459163
1.468182
1.460452
1.459163
1.468182
1.460452
1.463028
1.465605
1.464317
1.468182
1.478488
1.474623
1.469470
1.465605
1.465605
1.465605
1.479777
1.468182
1.461740
1.460452
1.461740
1.473335
1.465605
1.463028
1.460452
1.457875
1.461740
1.470758
1.457875
1.456587
1.456587
1.455298
1.457875
1.457875
1.460452
1.459163
1.463028
1.463028
1.469470
1.457875
1.452721
1.457875
1.464317
1.468182
1.470758
1.464317
1.466893
1.468182
1.464317
1.460452
1.463028
1.475912
1.465605
1.466893
1.474623
1.468182
1.475912
1.464317
1.472047
1.465605
1.482353
1.472047
1.466893
1.468182
1.465605
1.474623
1.460452
1.457875
1.457875
1.464317
1.455298
1.464317
1.456587
1.457875
1.461740
1.459163
1.455298
1.457875
1.465605
1.464317
1.469470
1.460452
1.456587
1.465605
1.452721
1.455298
1.470758
1.461740
1.461740
1.466893
1.466893
1.468182
1.464317
1.475912
1.466893
1.466893
1.469470
1.461740
1.464317
1.460452
1.466893
1.460452
1.460452
1.464317
1.456587
1.456587
1.469470
1.460452
1.457875
1.454010
1.451433
1.430820
1.423089
1.420513
1.415359
1.416648
1.412783
1.411494
1.411494
1.417936
1.411494
1.410206
1.410206
1.412783
1.425666
1.423089
1.430820
1.450145
1.442415
1.443703
1.455298
1.442415
1.438550
1.438550
1.443703
1.446280
1.450145
1.452721
1.457875
1.456587
1.460452
1.455298
1.459163
1.472047
1.460452
1.464317
1.464317
1.460452
1.463028
1.464317
1.463028
1.457875
1.460452
1.464317
1.463028
1.477200
1.464317
1.463028
1.472047
1.457875
1.457875
1.465605
1.463028
1.478488
1.466893
1.464317
1.474623
1.460452
1.456587
1.457875
1.452721
1.463028
1.465605
1.460452
1.459163
1.457875
1.461740
1.457875
1.457875
1.457875
1.468182
1.460452
1.464317
1.465605
1.472047
1.464317
1.461740
1.459163
1.460452
1.454010
1.455298
1.468182
1.461740
1.470758
1.463028
1.472047
1.466893
1.473335
1.463028
1.459163
1.456587
1.459163
1.461740
1.457875
1.466893
1.457875
1.460452
1.473335
1.463028
1.465605
1.472047
1.465605
1.465605
1.479777
1.486219
1.500390
1.502967
1.511985
1.511985
1.527446
1.518427
1.514562
1.518427
1.510697
1.506832
1.506832
1.511985
1.501679
1.509409
1.493949
1.490084
1.492660
1.479777
1.490084
1.482353
1.479777
1.478488
1.472047
1.470758
1.483642
1.472047
1.468182
1.469470
1.465605
1.463028
1.464317
1.464317
1.477200
1.468182
1.468182
1.473335
1.468182
1.477200
1.466893
1.463028
1.461740
1.455298
1.459163
1.464317
1.465605
1.463028
1.475912
1.464317
1.465605
1.463028
1.461740
1.459163
1.454010
1.454010
1.456587
1.466893
1.461740
1.464317
1.466893
1.461740
1.457875
1.464317
1.459163
1.472047
1.459163
1.459163
1.463028
1.457875
1.456587
1.459163
1.461740
1.465605
1.463028
1.466893
1.479777
1.469470
1.469470
1.463028
1.461740
1.459163
1.456587
1.456587
1.460452
1.466893
1.465605
1.477200
1.461740
1.457875
1.437261
1.437261
1.421801
1.423089
1.408918
1.411494
1.403764
1.403764
1.408918
1.410206
1.415359
1.421801
1.437261
1.429531
1.433396
1.438550
1.447568
1.439838
1.439838
1.442415
1.438550
1.435973
1.438550
1.442415
1.450145
1.442415
1.442415
1.448856
1.465605
1.464317
1.461740
1.464317
1.465605
1.474623
1.469470
1.470758
1.478488
1.468182
1.465605
1.464317
1.457875
1.463028
1.455298
1.464317
1.456587
1.459163
1.465605
1.463028
1.464317
1.472047
1.479777
1.469470
1.482353
1.472047
1.481065
1.466893
1.463028
1.477200
1.469470
1.472047
1.474623
1.473335
1.488795
1.481065
1.486219
1.483642
1.488795
1.477200
1.482353
1.483642
1.473335
1.482353
1.469470
1.472047
1.470758
1.473335
1.474623
1.475912
1.484930
1.473335
1.469470
1.465605
1.466893
1.475912
1.468182
1.468182
1.465605
1.464317
1.472047
1.468182
1.463028
1.461740
1.465605
1.469470
1.466893
1.466893
1.468182
1.463028
1.468182
1.452721
1.456587
1.456587
1.457875
1.473335
1.465605
1.464317
1.463028
1.460452
1.468182
1.463028
1.463028
1.459163
1.459163
1.460452
1.456587
1.466893
1.464317
1.457875
1.464317
1.475912
1.469470
1.465605
1.461740
1.460452
1.463028
1.472047
1.464317
1.461740
1.461740
1.477200
1.468182
1.461740
1.456587
1.454010
1.461740
1.451433
1.452721
1.454010
1.460452
1.450145
1.446280
1.446280
1.455298
1.446280
1.446280
1.451433
1.452721
1.459163
1.464317
1.463028
1.459163
1.451433
1.447568
1.448856
1.450145
1.456587
1.460452
1.463028
1.465605
1.461740
1.474623
1.463028
1.459163
1.459163
1.468182
1.459163
1.454010
1.448856
1.444991
1.448856
1.452721
1.456587
1.456587
1.470758
1.460452
1.457875
1.461740
1.469470
1.456587
1.457875
1.459163
1.456587
1.456587
1.452721
1.447568
1.457875
1.450145
1.454010
1.451433
1.454010
1.468182
1.479777
1.492660
1.496525
1.497814
1.514562
1.508120
1.508120
1.510697
1.505544
1.513274
1.502967
1.511985
1.501679
1.496525
1.492660
1.499102
1.492660
1.486219
1.484930
1.483642
1.491372
1.479777
1.482353
1.482353
1.482353
1.478488
1.478488
1.475912
1.473335
1.479777
1.468182
1.470758
1.481065
1.469470
1.464317
1.473335
1.459163
1.456587
1.457875
1.465605
1.459163
1.460452
1.466893
1.460452
1.463028
1.457875
1.461740
1.468182
1.466893
1.478488
1.464317
1.463028
1.469470
1.457875
1.456587
1.450145
1.451433
1.464317
1.459163
1.459163
1.473335
1.463028
1.461740
1.465605
1.465605
1.464317
1.463028
1.459163
1.456587
1.457875
1.454010
1.468182
1.459163
1.457875
1.464317
1.459163
1.456587
1.459163
1.461740
1.469470
1.468182
1.472047
1.466893
1.474623
1.464317
1.461740
1.469470
1.459163
1.455298
1.465605
1.455298
1.452721
1.468182
1.460452
1.461740
1.470758
1.457875
1.459163
1.472047
1.460452
1.456587
1.460452
1.457875
