1.401188
1.397323
1.398611
1.397323
1.396034
1.394746
1.396034
1.401188
1.401188
1.401188
1.407629
1.410206
1.410206
1.403764
1.403764
1.398611
1.396034
1.398611
1.403764
1.407629
1.408918
1.408918
1.405053
1.405053
1.402476
1.399899
1.402476
1.403764
1.399899
1.394746
1.396034
1.397323
1.398611
1.398611
1.398611
1.399899
1.403764
1.402476
1.397323
1.392169
1.390881
1.390881
1.389592
1.389592
1.402476
1.406341
1.407629
1.405053
1.402476
1.399899
1.405053
1.405053
1.407629
1.408918
1.407629
1.405053
1.402476
1.398611
1.396034
1.394746
1.392169
1.390881
1.387016
1.387016
1.390881
1.390881
1.392169
1.393457
1.396034
1.402476
1.412783
1.419224
1.412783
1.408918
1.406341
1.402476
1.394746
1.394746
1.402476
1.406341
1.408918
1.411494
1.411494
1.406341
1.399899
1.397323
1.397323
1.398611
1.398611
1.396034
1.392169
1.392169
1.390881
1.398611
1.405053
1.407629
1.408918
1.408918
1.406341
1.403764
1.402476
1.401188
1.397323
1.390881
1.390881
1.392169
1.392169
1.392169
1.389592
1.387016
1.394746
1.402476
1.405053
1.408918
1.408918
1.405053
1.402476
1.403764
1.401188
1.402476
1.405053
1.403764
1.410206
1.405053
1.397323
1.394746
1.396034
1.399899
1.399899
1.399899
1.401188
1.403764
1.402476
1.406341
1.405053
1.405053
1.401188
1.397323
1.390881
1.392169
1.394746
1.394746
1.396034
1.394746
1.398611
1.397323
1.397323
1.396034
1.396034
1.394746
1.398611
1.403764
1.403764
1.398611
1.397323
1.397323
1.397323
1.397323
1.399899
1.398611
1.406341
1.411494
1.407629
1.405053
1.401188
1.396034
1.393457
1.393457
1.394746
1.396034
1.399899
1.401188
1.401188
1.401188
1.403764
1.408918
1.408918
1.407629
1.406341
1.408918
1.411494
1.415359
1.415359
1.412783
1.414071
1.412783
1.406341
1.405053
1.402476
1.399899
1.397323
1.393457
1.389592
1.387016
1.385727
1.392169
1.393457
1.390881
1.392169
1.393457
1.390881
1.392169
1.393457
1.399899
1.403764
1.401188
1.398611
1.393457
1.392169
1.387016
1.385727
1.385727
1.385727
1.385727
1.388304
1.394746
1.396034
1.397323
1.399899
1.401188
1.405053
1.402476
1.403764
1.405053
1.398611
1.396034
1.397323
1.401188
1.405053
1.406341
1.402476
1.406341
1.402476
1.397323
1.398611
1.396034
1.394746
1.396034
1.398611
1.392169
1.389592
1.387016
1.390881
1.397323
1.406341
1.415359
1.415359
1.415359
1.410206
1.407629
1.408918
1.410206
1.414071
1.416648
1.416648
1.414071
1.405053
1.393457
1.390881
1.384439
1.379286
1.377997
1.379286
1.380574
1.387016
1.393457
1.397323
1.401188
1.406341
1.403764
1.407629
1.411494
1.405053
1.406341
1.405053
1.402476
1.397323
1.398611
1.401188
1.401188
1.399899
1.402476
1.407629
1.407629
1.406341
1.406341
1.408918
1.407629
1.408918
1.407629
1.406341
1.405053
1.402476
1.402476
1.402476
1.399899
1.396034
1.390881
1.390881
1.390881
1.392169
1.401188
1.408918
1.415359
1.416648
1.415359
1.408918
1.397323
1.390881
1.393457
1.393457
1.389592
1.388304
1.389592
1.389592
1.390881
1.402476
1.402476
1.399899
1.399899
1.399899
1.401188
1.399899
1.399899
1.398611
1.402476
1.403764
1.405053
1.399899
1.399899
1.394746
1.389592
1.385727
1.387016
1.392169
1.396034
1.403764
1.402476
1.398611
1.403764
1.403764
1.403764
1.401188
1.399899
1.399899
1.406341
1.407629
1.408918
1.410206
1.410206
1.411494
1.410206
1.408918
1.408918
1.403764
1.399899
1.396034
1.397323
1.396034
1.396034
1.398611
1.402476
1.402476
1.403764
1.402476
1.399899
1.401188
1.402476
1.403764
1.401188
1.397323
1.398611
1.394746
1.396034
1.397323
1.399899
1.398611
1.402476
1.402476
1.398611
1.394746
1.396034
1.388304
1.388304
1.392169
1.396034
1.401188
1.401188
1.401188
1.401188
1.396034
1.396034
1.393457
1.389592
1.389592
1.388304
1.387016
1.398611
1.398611
1.394746
1.397323
1.401188
1.406341
1.405053
1.403764
1.403764
1.399899
1.398611
1.396034
1.394746
1.396034
1.405053
1.407629
1.410206
1.412783
1.416648
1.419224
1.411494
1.405053
1.402476
1.403764
1.406341
1.406341
1.403764
1.399899
1.397323
1.394746
1.387016
1.383151
1.384439
1.385727
1.388304
1.390881
1.393457
1.394746
1.394746
1.392169
1.393457
1.399899
1.399899
1.399899
1.407629
1.412783
1.408918
1.405053
1.402476
1.399899
1.394746
1.389592
1.389592
1.392169
1.394746
1.405053
1.405053
1.403764
1.401188
1.399899
1.397323
1.397323
1.396034
1.397323
1.398611
1.399899
1.399899
1.402476
1.401188
1.398611
1.402476
1.406341
1.408918
1.407629
1.407629
1.405053
1.402476
1.405053
1.408918
1.408918
1.406341
1.403764
1.393457
1.388304
1.392169
1.401188
1.403764
1.406341
1.401188
1.397323
1.396034
1.402476
1.402476
1.403764
1.406341
1.401188
1.397323
1.396034
1.397323
1.402476
1.403764
1.405053
1.405053
1.402476
1.399899
1.399899
1.402476
1.410206
1.408918
1.406341
1.405053
1.405053
1.403764
1.406341
1.403764
1.401188
1.394746
1.387016
1.388304
1.389592
1.392169
1.398611
1.399899
1.393457
1.390881
1.392169
1.399899
1.402476
1.401188
1.402476
1.403764
1.402476
1.397323
1.394746
1.394746
1.396034
1.399899
1.402476
1.402476
1.401188
1.401188
1.401188
1.399899
1.396034
1.396034
1.396034
1.394746
1.393457
1.390881
1.393457
1.407629
1.410206
1.411494
1.411494
1.411494
1.412783
1.415359
1.408918
1.399899
1.393457
1.396034
1.390881
1.390881
1.390881
1.389592
1.393457
1.397323
1.405053
1.410206
1.408918
1.408918
1.403764
1.399899
1.394746
1.393457
1.397323
1.401188
1.401188
1.399899
1.398611
1.398611
1.399899
1.399899
1.398611
1.396034
1.398611
1.401188
1.402476
1.399899
1.403764
1.405053
1.402476
1.401188
1.394746
1.394746
1.399899
1.401188
1.399899
1.402476
1.405053
1.406341
1.405053
1.399899
1.399899
1.401188
1.396034
1.387016
1.383151
1.387016
1.393457
1.393457
1.394746
1.397323
1.398611
1.399899
1.399899
1.397323
1.396034
1.399899
1.398611
1.406341
1.412783
1.412783
1.424378
1.420513
1.417936
1.414071
1.406341
1.398611
1.396034
1.398611
1.398611
1.393457
1.393457
1.387016
1.384439
1.385727
1.387016
1.383151
1.385727
1.389592
1.390881
1.392169
1.402476
1.412783
1.417936
1.417936
1.412783
1.408918
1.407629
1.407629
1.408918
1.403764
1.399899
1.394746
1.397323
1.401188
1.403764
1.405053
1.407629
1.405053
1.399899
1.396034
1.396034
1.396034
1.394746
1.396034
1.401188
1.398611
1.397323
1.396034
1.396034
1.401188
1.406341
1.406341
1.405053
1.403764
1.398611
1.393457
1.390881
1.392169
1.392169
1.392169
1.393457
1.394746
1.394746
1.396034
1.399899
1.401188
1.399899
1.398611
1.402476
1.402476
1.403764
1.401188
1.397323
1.398611
1.398611
1.399899
1.399899
1.396034
1.393457
1.394746
1.399899
1.399899
1.399899
1.405053
1.408918
1.412783
1.416648
1.417936
1.415359
1.414071
1.412783
1.412783
1.406341
1.401188
1.397323
1.394746
1.393457
1.392169
1.388304
1.385727
1.384439
1.384439
1.384439
1.385727
1.390881
1.397323
1.398611
1.402476
1.408918
1.407629
1.412783
1.414071
1.408918
1.399899
1.393457
1.389592
1.387016
1.387016
1.384439
1.384439
1.388304
1.393457
1.398611
1.406341
1.412783
1.414071
1.416648
1.419224
1.423089
1.419224
1.414071
1.408918
1.403764
1.398611
1.398611
1.402476
1.399899
1.396034
1.398611
1.406341
1.406341
1.402476
1.399899
1.398611
1.397323
1.399899
1.398611
1.402476
1.399899
1.394746
1.388304
1.389592
1.390881
1.394746
1.396034
1.401188
1.411494
1.414071
1.410206
1.399899
1.392169
1.381862
1.380574
1.388304
1.392169
1.394746
1.394746
1.394746
1.396034
1.399899
1.403764
1.402476
1.399899
1.398611
1.401188
1.405053
1.402476
1.403764
1.402476
1.397323
1.397323
1.398611
1.398611
1.398611
1.399899
1.399899
1.398611
1.399899
1.398611
1.392169
1.394746
1.397323
1.401188
1.399899
1.401188
1.408918
1.406341
1.398611
1.393457
1.394746
1.387016
1.385727
1.393457
1.399899
1.408918
1.408918
1.406341
1.405053
1.407629
1.410206
1.407629
1.403764
1.401188
1.401188
1.402476
1.403764
1.403764
1.402476
1.403764
1.402476
1.402476
1.406341
1.407629
1.403764
1.399899
1.399899
1.405053
1.406341
1.398611
1.397323
1.392169
1.390881
1.398611
1.397323
1.393457
1.393457
1.390881
1.393457
1.399899
1.402476
1.399899
1.399899
1.405053
1.403764
1.403764
1.407629
1.403764
1.399899
1.396034
1.394746
1.397323
1.398611
1.401188
1.401188
1.398611
1.399899
1.401188
1.403764
1.402476
1.403764
1.406341
1.410206
1.407629
1.405053
1.406341
1.408918
1.414071
1.412783
1.408918
1.402476
1.398611
1.399899
1.394746
1.387016
1.385727
1.387016
1.388304
1.390881
1.394746
1.394746
1.398611
1.399899
1.398611
1.397323
1.392169
1.394746
1.399899
1.403764
1.405053
1.406341
1.403764
1.398611
1.397323
1.398611
1.396034
1.396034
1.398611
1.399899
1.399899
1.394746
1.390881
1.389592
1.390881
1.396034
1.401188
1.401188
1.403764
1.410206
1.407629
1.408918
1.411494
1.412783
1.410206
1.405053
1.398611
1.394746
1.406341
1.403764
1.405053
1.401188
1.393457
1.388304
1.389592
1.393457
1.393457
1.394746
1.392169
1.397323
1.394746
1.398611
1.401188
1.403764
1.402476
1.401188
1.399899
1.397323
1.392169
1.394746
1.397323
1.397323
1.398611
1.398611
1.394746
1.396034
1.397323
1.399899
1.405053
1.407629
1.410206
1.411494
1.412783
1.408918
1.403764
1.396034
1.396034
1.397323
1.396034
1.397323
1.396034
1.396034
1.397323
1.401188
1.401188
1.399899
1.399899
1.405053
1.406341
1.406341
1.406341
1.411494
1.414071
1.408918
1.406341
1.399899
1.396034
1.393457
1.390881
1.387016
1.390881
1.394746
1.398611
1.398611
1.406341
1.403764
1.403764
1.402476
1.399899
1.397323
1.392169
1.390881
1.392169
1.398611
1.403764
1.408918
1.410206
1.410206
1.412783
1.419224
1.416648
1.412783
1.403764
1.397323
1.396034
1.392169
1.388304
1.385727
1.388304
1.389592
1.390881
1.390881
1.392169
1.394746
1.398611
1.405053
1.407629
1.407629
1.407629
1.408918
1.405053
1.403764
1.401188
1.398611
1.393457
1.393457
1.393457
1.394746
1.396034
1.401188
1.405053
1.407629
1.407629
1.403764
1.403764
1.403764
1.405053
1.408918
1.407629
1.407629
1.406341
1.396034
1.389592
1.385727
1.387016
1.390881
1.394746
1.402476
1.405053
1.407629
1.406341
1.407629
1.408918
1.408918
1.406341
1.403764
1.399899
1.394746
1.393457
1.394746
1.397323
1.396034
1.392169
1.390881
1.394746
1.397323
1.398611
1.403764
1.407629
1.410206
1.410206
1.406341
1.401188
1.399899
1.398611
1.399899
1.398611
1.396034
1.396034
1.399899
1.405053
1.403764
1.405053
1.403764
1.407629
1.408918
1.405053
1.402476
1.396034
1.392169
1.392169
1.389592
1.392169
1.392169
1.393457
1.392169
1.389592
1.389592
1.390881
1.392169
1.396034
1.401188
1.399899
1.394746
1.397323
1.392169
1.394746
1.397323
1.401188
1.405053
1.408918
1.408918
1.405053
1.403764
1.402476
1.403764
1.406341
1.407629
1.402476
1.402476
1.406341
1.405053
1.402476
1.398611
1.399899
1.398611
1.397323
1.394746
1.393457
1.392169
1.394746
1.399899
1.399899
1.402476
1.406341
1.406341
1.402476
1.401188
1.397323
1.394746
1.392169
1.397323
1.396034
1.394746
1.394746
1.393457
1.393457
1.394746
1.396034
1.398611
1.402476
1.403764
1.401188
1.399899
1.402476
1.402476
1.398611
1.394746
1.396034
1.401188
1.399899
1.396034
1.394746
1.396034
1.393457
1.394746
1.401188
1.406341
1.406341
1.407629
1.408918
1.410206
1.410206
1.414071
1.411494
1.408918
1.405053
1.401188
1.403764
1.403764
1.403764
1.402476
1.401188
1.402476
1.407629
1.405053
1.401188
1.401188
1.399899
1.401188
1.403764
1.411494
1.406341
1.402476
1.402476
1.399899
1.396034
1.392169
1.393457
1.401188
1.403764
1.407629
1.397323
1.390881
1.390881
1.387016
1.389592
1.385727
1.387016
1.387016
1.385727
1.390881
1.394746
1.398611
1.401188
1.399899
1.399899
1.401188
1.403764
1.401188
1.399899
1.402476
1.407629
1.415359
1.412783
1.408918
1.407629
1.401188
1.397323
1.396034
1.401188
1.401188
1.401188
1.402476
1.401188
1.399899
1.406341
1.403764
1.399899
1.397323
1.393457
1.389592
1.389592
1.387016
1.388304
1.393457
1.397323
1.398611
1.406341
1.408918
1.411494
1.414071
1.414071
1.407629
1.401188
1.401188
1.396034
1.388304
1.384439
1.379286
1.383151
1.388304
1.393457
1.394746
1.397323
1.399899
1.396034
1.393457
1.394746
1.398611
1.402476
1.402476
1.403764
1.403764
1.407629
1.408918
1.412783
1.412783
1.412783
1.412783
1.412783
1.411494
1.407629
1.401188
1.398611
1.399899
1.402476
1.397323
1.401188
1.399899
1.397323
1.405053
1.408918
1.407629
1.403764
1.398611
1.401188
1.401188
1.399899
1.399899
1.397323
1.396034
1.390881
1.389592
1.392169
1.394746
1.393457
1.396034
1.397323
1.399899
1.403764
1.403764
1.402476
1.398611
1.397323
1.392169
1.394746
1.399899
1.405053
1.401188
1.399899
1.405053
1.401188
1.399899
1.398611
1.396034
1.380574
1.362537
1.345789
1.327752
1.308427
1.300696
1.296831
1.295543
1.289101
1.290390
1.292966
1.304562
1.311003
1.313580
1.308427
1.316157
1.322598
1.329040
1.338059
1.349654
1.362537
1.368979
1.367691
1.374132
1.374132
1.374132
1.374132
1.371556
1.374132
1.384439
1.385727
1.385727
1.389592
1.397323
1.403764
1.408918
1.406341
1.403764
1.399899
1.394746
1.393457
1.390881
1.393457
1.393457
1.393457
1.398611
1.403764
1.406341
1.406341
1.406341
1.405053
1.405053
1.399899
1.405053
1.405053
1.402476
1.401188
1.405053
1.410206
1.410206
1.408918
1.399899
1.394746
1.398611
1.394746
1.387016
1.383151
1.385727
1.390881
1.397323
1.393457
1.397323
1.403764
1.411494
1.415359
1.414071
1.406341
1.403764
1.398611
1.394746
1.392169
1.387016
1.384439
1.387016
1.388304
1.385727
1.385727
1.389592
1.392169
1.393457
1.397323
1.403764
1.405053
1.406341
1.402476
1.399899
1.397323
1.396034
1.396034
1.397323
1.394746
1.397323
1.397323
1.405053
1.423089
1.442415
1.460452
1.479777
1.497814
1.504255
1.506832
1.510697
1.509409
1.501679
1.496525
1.495237
1.492660
1.481065
1.472047
1.466893
1.466893
1.466893
1.461740
1.456587
1.451433
1.448856
1.443703
1.434685
1.426955
1.424378
1.425666
1.425666
1.420513
1.417936
1.412783
1.407629
1.405053
1.403764
1.406341
1.407629
1.406341
1.403764
1.396034
1.390881
1.388304
1.388304
1.388304
1.390881
1.394746
1.398611
1.401188
1.405053
1.406341
1.406341
1.410206
1.407629
1.406341
1.407629
1.411494
1.410206
1.408918
1.412783
1.415359
1.412783
1.410206
1.407629
1.406341
1.406341
1.410206
1.414071
1.408918
1.406341
1.403764
1.405053
1.403764
1.399899
1.397323
1.392169
1.388304
1.393457
1.397323
1.396034
1.393457
1.392169
1.385727
1.384439
1.385727
1.390881
1.388304
1.393457
1.402476
1.399899
1.390881
1.377997
1.362537
1.341924
1.325175
1.313580
1.301985
1.304562
1.300696
1.299408
1.300696
1.296831
1.303273
1.305850
1.314868
1.313580
1.317445
1.314868
1.322598
1.331617
1.348365
1.359960
1.371556
1.376709
1.380574
1.388304
1.387016
1.388304
1.387016
1.383151
1.388304
1.388304
1.396034
1.394746
1.401188
1.402476
1.396034
1.393457
1.390881
1.387016
1.393457
1.399899
1.401188
1.403764
1.406341
1.405053
1.408918
1.405053
1.403764
1.406341
1.401188
1.398611
1.402476
1.403764
1.408918
1.417936
1.423089
1.426955
1.434685
1.441126
1.437261
1.429531
1.423089
1.416648
1.410206
1.410206
1.412783
1.415359
1.416648
1.415359
1.412783
1.411494
1.408918
1.414071
1.417936
1.420513
1.420513
1.417936
1.421801
1.425666
1.425666
1.421801
1.417936
1.417936
1.419224
1.414071
1.407629
1.410206
1.405053
1.403764
1.403764
1.405053
1.401188
1.398611
1.401188
1.401188
1.398611
1.390881
1.389592
1.393457
1.401188
1.405053
1.407629
1.407629
1.407629
1.405053
1.397323
1.398611
1.401188
1.405053
1.405053
1.408918
1.406341
1.407629
1.406341
1.406341
1.399899
1.398611
1.397323
1.405053
1.405053
1.401188
1.396034
1.394746
1.396034
1.397323
1.393457
1.385727
1.385727
1.384439
1.385727
1.389592
1.385727
1.387016
1.387016
1.385727
1.389592
1.398611
1.398611
1.394746
1.394746
1.398611
1.399899
1.398611
1.398611
1.398611
1.392169
1.387016
1.383151
1.381862
1.377997
1.377997
1.380574
1.383151
1.383151
1.379286
1.370267
1.367691
1.367691
1.372844
1.380574
1.389592
1.397323
1.394746
1.397323
1.397323
1.396034
1.385727
1.376709
1.371556
1.371556
1.372844
1.376709
1.377997
1.384439
1.387016
1.396034
1.399899
1.401188
1.402476
1.398611
1.397323
1.401188
1.403764
1.405053
1.407629
1.407629
1.403764
1.398611
1.390881
1.388304
1.397323
1.415359
1.439838
1.460452
1.479777
1.492660
1.499102
1.500390
1.501679
1.501679
1.499102
1.492660
1.482353
1.479777
1.477200
1.472047
1.466893
1.457875
1.451433
1.443703
1.442415
1.441126
1.437261
1.433396
1.426955
1.423089
1.420513
1.417936
1.420513
1.420513
1.421801
1.421801
1.420513
1.412783
1.407629
1.403764
1.399899
1.402476
1.398611
1.398611
1.396034
1.401188
1.406341
1.414071
1.410206
1.403764
1.398611
1.394746
1.389592
1.389592
1.390881
1.393457
1.399899
1.406341
1.407629
1.408918
1.415359
1.411494
1.405053
1.398611
1.392169
1.392169
1.398611
1.396034
1.398611
1.399899
1.399899
1.402476
1.402476
1.405053
1.405053
1.407629
1.407629
1.405053
1.402476
1.402476
1.402476
1.398611
1.392169
1.389592
1.390881
1.392169
1.394746
1.396034
1.401188
1.406341
1.407629
1.405053
1.405053
1.405053
1.405053
1.401188
1.398611
1.397323
1.396034
1.394746
1.394746
1.393457
1.394746
1.393457
1.401188
1.407629
1.407629
1.406341
1.397323
