1.566059
1.544113
1.608662
1.604789
1.562186
1.557023
1.547986
1.560895
1.545404
1.572514
1.545404
1.566059
1.538949
1.562186
1.535076
1.554441
1.538949
1.555732
1.547986
1.558314
1.553150
1.529912
1.611244
1.563477
1.541531
1.599625
1.567350
1.589297
1.563477
1.545404
1.606080
1.564768
1.609953
1.562186
1.567350
1.554441
1.564768
1.558314
1.608662
1.568641
1.553150
1.541531
1.564768
1.541531
1.588006
1.564768
1.571223
1.547986
1.573805
1.600916
1.563477
1.545404
1.554441
1.546695
1.545404
1.599625
1.553150
1.567350
1.559605
1.563477
1.537658
1.609953
1.554441
1.589297
1.547986
1.585424
1.571223
1.558314
1.566059
1.555732
1.544113
1.557023
1.553150
1.549277
1.555732
1.568641
1.588006
1.569932
1.562186
1.560895
1.555732
1.557023
1.557023
1.612535
1.549277
1.578969
1.532494
1.589297
1.606080
1.577678
1.545404
1.585424
1.602207
1.555732
1.590588
1.577678
1.606080
1.546695
1.536367
1.572514
1.559605
1.554441
1.567350
1.551859
1.569932
1.555732
1.546695
1.550568
1.541531
1.573805
1.535076
1.611244
1.564768
1.544113
1.607371
1.577678
1.584133
1.540240
1.558314
1.557023
1.607371
1.533785
1.593170
1.562186
1.591879
1.599625
1.568641
1.578969
1.568641
1.549277
1.606080
1.599625
1.554441
1.609953
1.590588
1.607371
1.557023
1.611244
1.557023
1.567350
1.595752
1.538949
1.577678
1.549277
1.560895
1.549277
1.555732
1.542822
1.557023
1.568641
1.547986
1.551859
1.542822
1.560895
1.562186
1.547986
1.562186
1.591879
1.562186
1.612535
1.593170
1.559605
1.572514
1.541531
1.604789
1.547986
1.551859
1.562186
1.572514
1.554441
1.528621
1.553150
1.563477
1.581551
1.573805
1.531203
1.589297
1.568641
1.606080
1.559605
1.608662
1.564768
1.571223
1.536367
1.602207
1.557023
1.557023
1.590588
1.553150
1.555732
1.538949
1.547986
1.544113
1.555732
1.555732
1.537658
1.559605
1.558314
1.566059
1.554441
1.572514
1.567350
1.577678
1.613826
1.559605
1.564768
1.604789
1.545404
1.580260
1.559605
1.559605
1.555732
1.533785
1.564768
1.549277
1.562186
1.541531
1.547986
1.572514
1.563477
1.549277
1.554441
1.553150
1.547986
1.540240
1.608662
1.588006
1.544113
1.586715
1.602207
1.542822
1.593170
1.538949
1.600916
1.559605
1.547986
1.540240
1.553150
1.549277
1.547986
1.593170
1.549277
1.545404
1.568641
1.571223
1.546695
1.545404
1.602207
1.558314
1.578969
1.563477
1.550568
1.599625
1.568641
1.563477
1.549277
1.602207
1.562186
1.568641
1.549277
1.609953
1.562186
1.568641
1.568641
1.557023
1.604789
1.558314
1.609953
1.554441
1.609953
1.562186
1.554441
1.569932
1.549277
1.532494
1.564768
1.545404
1.608662
1.558314
1.559605
1.550568
1.542822
1.575096
1.576387
1.545404
1.546695
1.540240
1.544113
1.566059
1.546695
1.544113
1.613826
1.567350
1.563477
1.544113
1.611244
1.550568
1.568641
1.550568
1.604789
1.550568
1.563477
1.554441
1.585424
1.608662
1.557023
1.598334
1.590588
1.550568
1.572514
1.550568
1.560895
1.540240
1.573805
1.547986
1.599625
1.554441
1.547986
1.606080
1.558314
1.541531
1.538949
1.549277
1.541531
1.554441
1.549277
1.546695
1.550568
1.559605
1.545404
1.554441
1.558314
1.555732
1.547986
1.550568
1.568641
1.554441
1.602207
1.559605
1.599625
1.559605
1.545404
1.560895
1.590588
1.549277
1.546695
1.575096
1.558314
1.541531
1.563477
1.566059
1.545404
1.572514
1.576387
1.562186
1.550568
1.544113
1.606080
1.576387
1.550568
1.569932
1.566059
1.549277
1.609953
1.567350
1.562186
1.542822
1.597043
1.564768
1.594461
1.568641
1.566059
1.572514
1.568641
1.550568
1.582842
1.571223
1.586715
1.564768
1.560895
1.572514
1.550568
1.551859
1.613826
1.575096
1.560895
1.558314
1.532494
1.550568
1.550568
1.563477
1.537658
1.590588
1.595752
1.553150
1.566059
1.554441
1.560895
1.563477
1.554441
1.558314
1.554441
1.553150
1.590588
1.558314
1.537658
1.594461
1.597043
1.553150
1.571223
1.549277
1.540240
1.611244
1.555732
1.545404
1.612535
1.568641
1.532494
1.598334
1.551859
1.560895
1.555732
1.550568
1.560895
1.563477
1.604789
1.560895
1.594461
1.553150
1.589297
1.551859
1.578969
1.562186
1.580260
1.549277
1.546695
1.597043
1.559605
1.553150
1.582842
1.558314
1.551859
1.553150
1.555732
1.547986
1.558314
1.577678
1.602207
1.562186
1.560895
1.567350
1.560895
1.600916
1.558314
1.546695
1.544113
1.607371
1.544113
1.551859
1.562186
1.557023
1.547986
1.572514
1.526039
1.590588
1.599625
1.544113
1.557023
1.569932
1.555732
1.562186
1.577678
1.554441
1.558314
1.537658
1.563477
1.554441
1.597043
1.547986
1.580260
1.566059
1.547986
1.584133
1.576387
1.562186
1.554441
1.567350
1.595752
1.571223
1.555732
1.613826
1.564768
1.533785
1.542822
1.577678
1.549277
1.549277
1.591879
1.554441
1.588006
1.546695
1.560895
1.544113
1.577678
1.562186
1.540240
1.589297
1.555732
1.564768
1.559605
1.566059
1.563477
1.555732
1.612535
1.602207
1.550568
1.573805
1.562186
1.572514
1.557023
1.569932
1.546695
1.568641
1.588006
1.541531
1.551859
1.562186
1.549277
1.591879
1.563477
1.558314
1.555732
1.524748
1.588006
1.538949
1.541531
1.557023
1.545404
1.588006
1.553150
1.568641
1.569932
1.600916
1.549277
1.550568
1.604789
1.554441
1.600916
1.572514
1.537658
1.566059
1.572514
1.558314
1.557023
1.550568
1.598334
1.549277
1.551859
1.563477
1.553150
1.538949
1.598334
1.551859
1.589297
1.569932
1.584133
1.545404
1.546695
1.541531
1.527330
1.557023
1.591879
1.558314
1.604789
1.591879
1.559605
1.546695
1.545404
1.557023
1.536367
1.554441
1.612535
1.533785
1.558314
1.581551
1.557023
1.545404
1.600916
1.591879
1.573805
1.588006
1.571223
1.554441
1.550568
1.550568
1.553150
1.549277
1.559605
1.554441
1.542822
1.616408
1.618990
1.599625
1.568641
1.546695
1.566059
1.554441
1.551859
1.533785
1.551859
1.595752
1.537658
1.547986
1.545404
1.572514
1.564768
1.554441
1.566059
1.569932
1.555732
1.616408
1.571223
1.554441
1.563477
1.568641
1.613826
1.568641
1.550568
1.564768
1.547986
1.551859
1.576387
1.549277
1.582842
1.553150
1.533785
1.562186
1.562186
1.564768
1.594461
1.553150
1.571223
1.546695
1.569932
1.550568
1.547986
1.567350
1.551859
1.533785
1.555732
1.542822
1.559605
1.541531
1.550568
1.544113
1.568641
1.563477
1.560895
1.560895
1.568641
1.547986
1.571223
1.555732
1.560895
1.584133
1.557023
1.557023
1.557023
1.573805
1.581551
1.585424
1.562186
1.538949
1.558314
1.537658
1.595752
1.581551
1.563477
1.551859
1.537658
1.568641
1.540240
1.554441
1.550568
1.559605
1.554441
1.546695
1.594461
1.602207
1.567350
1.560895
1.546695
1.555732
1.544113
1.550568
1.593170
1.564768
1.551859
1.573805
1.568641
1.551859
1.545404
1.585424
1.571223
1.553150
1.567350
1.542822
1.560895
1.551859
1.555732
1.559605
1.581551
1.558314
1.562186
1.560895
1.554441
1.582842
1.560895
1.582842
1.564768
1.550568
1.564768
1.549277
1.585424
1.560895
1.607371
1.566059
1.571223
1.560895
1.544113
1.567350
1.603498
1.611244
1.604789
1.600916
1.569932
1.604789
1.554441
1.563477
1.563477
1.529912
1.551859
1.541531
1.602207
1.550568
1.563477
1.531203
1.560895
1.611244
1.551859
1.611244
1.562186
1.535076
1.600916
1.551859
1.590588
1.599625
1.571223
1.580260
1.593170
1.593170
1.563477
1.535076
1.537658
1.588006
1.555732
1.540240
1.532494
1.558314
1.555732
1.557023
1.549277
1.600916
1.573805
1.562186
1.558314
1.532494
1.559605
1.589297
1.562186
1.547986
1.546695
1.597043
1.572514
1.600916
1.560895
1.560895
1.540240
1.606080
1.564768
1.580260
1.567350
1.566059
1.562186
1.554441
1.549277
1.602207
1.569932
1.564768
1.554441
1.580260
1.538949
1.550568
1.589297
1.558314
1.595752
1.554441
1.566059
1.555732
1.572514
1.564768
1.612535
1.568641
1.564768
1.558314
1.529912
1.549277
1.533785
1.553150
1.572514
1.550568
1.547986
1.567350
1.558314
1.544113
1.594461
1.567350
1.617699
1.586715
1.553150
1.549277
1.553150
1.607371
1.562186
1.557023
1.547986
1.607371
1.542822
1.609953
1.567350
1.558314
1.564768
1.564768
1.554441
1.560895
1.542822
1.577678
1.559605
1.560895
1.533785
1.562186
1.560895
1.557023
1.611244
1.577678
1.573805
1.549277
1.563477
1.573805
1.603498
1.537658
1.586715
1.560895
1.613826
1.555732
1.544113
1.537658
1.541531
1.581551
1.535076
1.599625
1.546695
1.557023
1.557023
1.544113
1.559605
1.564768
1.607371
1.571223
1.533785
1.593170
1.560895
1.594461
1.562186
1.604789
1.551859
1.611244
1.554441
1.549277
1.594461
1.572514
1.546695
1.550568
1.609953
1.537658
1.612535
1.540240
1.542822
1.600916
1.549277
1.603498
1.555732
1.595752
1.541531
1.602207
1.555732
1.578969
1.546695
1.542822
1.557023
1.611244
1.559605
1.569932
1.575096
1.558314
1.558314
1.577678
1.603498
1.568641
1.586715
1.557023
1.582842
1.555732
1.550568
1.562186
1.568641
1.572514
1.566059
1.612535
1.546695
1.589297
1.584133
1.546695
1.555732
1.531203
1.568641
1.554441
1.594461
1.551859
1.578969
1.555732
1.541531
1.553150
1.541531
1.547986
1.586715
1.562186
1.544113
1.562186
1.540240
1.594461
1.572514
1.581551
1.541531
1.569932
1.550568
1.572514
1.575096
1.551859
1.559605
1.568641
1.564768
1.576387
1.572514
1.549277
1.551859
1.591879
1.547986
1.560895
1.598334
1.559605
1.589297
1.571223
1.560895
1.555732
1.554441
1.551859
1.597043
1.572514
1.612535
1.577678
1.572514
1.563477
1.540240
1.550568
1.545404
1.559605
1.582842
1.541531
1.588006
1.555732
1.604789
1.568641
1.588006
1.549277
1.562186
1.591879
1.549277
1.542822
1.599625
1.585424
1.557023
1.557023
1.528621
1.550568
1.567350
1.536367
1.571223
1.562186
1.578969
1.555732
1.593170
1.558314
1.559605
1.544113
1.563477
1.581551
1.571223
1.571223
1.575096
1.600916
1.555732
1.562186
1.580260
1.571223
1.557023
1.546695
1.541531
1.609953
1.563477
1.544113
1.599625
1.563477
1.557023
1.533785
1.559605
1.540240
1.535076
1.557023
1.577678
1.591879
1.577678
1.533785
1.575096
1.564768
1.590588
1.545404
1.557023
1.599625
1.557023
1.594461
1.564768
1.554441
1.575096
1.544113
1.533785
1.533785
1.541531
1.584133
1.571223
1.560895
1.563477
1.566059
1.564768
1.562186
1.560895
1.564768
1.597043
1.568641
1.555732
1.555732
1.597043
1.545404
1.589297
1.562186
1.542822
1.606080
1.566059
1.571223
1.547986
1.617699
1.573805
1.584133
1.554441
1.542822
1.604789
1.560895
1.555732
1.599625
1.549277
1.549277
1.563477
1.533785
1.588006
1.559605
1.544113
1.604789
1.584133
1.563477
1.562186
1.544113
1.559605
1.554441
1.553150
1.568641
1.575096
1.563477
1.594461
1.562186
1.624154
1.577678
1.549277
1.566059
1.544113
1.607371
1.560895
1.545404
1.600916
1.584133
1.546695
1.554441
1.566059
1.616408
1.569932
1.562186
1.553150
1.558314
1.562186
1.615117
1.545404
1.572514
1.572514
1.578969
1.547986
1.553150
1.559605
1.545404
1.598334
1.559605
1.603498
1.557023
1.567350
1.563477
1.528621
1.607371
1.524748
1.564768
1.582842
1.564768
1.551859
1.572514
1.602207
1.549277
1.559605
1.569932
1.545404
1.563477
1.557023
1.559605
1.563477
1.603498
1.562186
1.571223
1.547986
1.551859
1.558314
1.557023
1.613826
1.568641
1.563477
1.594461
1.553150
1.563477
1.568641
1.555732
1.533785
1.594461
1.602207
1.584133
1.540240
1.542822
1.559605
1.545404
1.545404
1.542822
1.569932
1.547986
1.553150
1.569932
1.562186
1.544113
1.550568
1.547986
1.559605
1.536367
1.597043
1.562186
1.557023
1.553150
1.586715
1.540240
1.608662
1.586715
1.562186
1.551859
1.544113
1.598334
1.554441
1.566059
1.563477
1.544113
1.549277
1.541531
1.586715
1.606080
1.545404
1.568641
1.536367
1.585424
1.546695
1.540240
1.593170
1.553150
1.577678
1.557023
1.559605
1.603498
1.560895
1.537658
1.554441
1.560895
1.567350
1.563477
1.551859
1.599625
1.611244
1.557023
1.558314
1.568641
1.589297
1.554441
1.544113
1.547986
1.562186
1.599625
1.528621
1.568641
1.551859
1.599625
1.564768
1.573805
1.553150
1.531203
1.584133
1.536367
1.576387
1.563477
1.547986
1.595752
1.595752
1.568641
1.557023
1.611244
1.564768
1.562186
1.550568
1.551859
1.566059
1.546695
1.537658
1.542822
1.551859
1.600916
1.538949
1.553150
1.589297
1.573805
1.576387
1.568641
1.568641
1.608662
1.547986
1.594461
1.563477
1.571223
1.600916
1.568641
1.545404
1.538949
1.555732
1.554441
1.562186
1.545404
1.582842
1.568641
1.576387
1.578969
1.547986
1.535076
1.600916
1.523457
1.544113
1.546695
1.588006
1.598334
1.550568
1.554441
1.602207
1.541531
1.554441
1.546695
1.604789
1.591879
1.554441
1.555732
1.541531
1.584133
1.564768
1.564768
1.546695
1.590588
1.586715
1.563477
1.571223
1.572514
1.542822
1.554441
1.621572
1.620281
1.563477
1.546695
1.597043
1.559605
1.603498
1.538949
1.609953
1.545404
1.603498
1.562186
1.551859
1.555732
1.564768
1.612535
1.562186
1.537658
1.588006
1.559605
1.538949
1.578969
1.566059
1.559605
1.559605
1.537658
1.550568
1.558314
1.550568
1.602207
1.584133
1.564768
1.551859
1.602207
1.563477
1.545404
1.553150
1.555732
1.564768
1.568641
1.572514
1.569932
1.554441
1.555732
1.595752
1.545404
1.563477
1.554441
1.544113
1.558314
1.536367
1.538949
1.567350
1.557023
1.540240
1.544113
1.589297
1.557023
1.562186
1.541531
1.602207
1.538949
1.566059
1.541531
1.602207
1.553150
1.585424
1.550568
1.572514
1.572514
1.615117
1.569932
1.559605
1.531203
1.564768
1.571223
1.563477
1.608662
1.563477
1.544113
1.562186
1.586715
1.553150
1.531203
1.533785
1.611244
1.563477
1.557023
1.558314
1.612535
1.544113
1.588006
1.554441
1.594461
1.551859
1.553150
1.563477
1.584133
1.562186
1.551859
1.560895
1.551859
1.580260
1.569932
1.527330
1.526039
1.538949
1.589297
1.533785
1.549277
1.547986
1.609953
1.560895
1.547986
1.562186
1.564768
1.620281
1.551859
1.569932
1.603498
1.571223
1.559605
1.550568
1.585424
1.562186
1.557023
1.564768
1.540240
1.604789
1.564768
1.558314
1.557023
1.567350
1.611244
1.584133
1.569932
1.558314
1.567350
1.537658
1.608662
1.562186
1.553150
1.546695
1.564768
1.600916
1.585424
1.564768
1.542822
1.553150
1.533785
1.547986
1.562186
1.584133
1.541531
1.559605
1.562186
1.551859
1.540240
1.555732
1.549277
1.545404
1.568641
1.558314
1.562186
1.569932
1.563477
1.554441
1.551859
1.590588
1.559605
1.554441
1.588006
1.546695
1.584133
1.538949
1.545404
1.566059
1.595752
1.555732
1.586715
1.544113
1.566059
1.607371
1.558314
1.575096
1.549277
1.571223
1.575096
1.549277
1.559605
1.559605
1.550568
1.557023
1.557023
1.547986
1.536367
1.554441
1.557023
1.559605
1.557023
1.541531
1.591879
1.557023
1.546695
1.546695
1.611244
1.568641
1.553150
1.546695
1.604789
1.554441
1.571223
1.558314
1.540240
1.584133
1.544113
1.612535
1.567350
1.563477
1.586715
1.542822
1.612535
1.594461
1.566059
1.563477
1.562186
1.538949
1.568641
1.577678
1.558314
1.544113
1.562186
1.572514
1.594461
1.569932
1.560895
1.566059
1.553150
1.550568
1.562186
1.607371
1.558314
1.551859
1.555732
1.547986
1.537658
1.578969
1.599625
1.537658
1.540240
1.542822
1.557023
1.544113
1.564768
1.564768
1.551859
1.573805
1.549277
1.602207
1.531203
1.560895
1.563477
1.599625
1.549277
1.562186
1.588006
1.555732
1.568641
1.618990
1.616408
1.582842
1.568641
1.569932
1.569932
1.608662
1.568641
1.545404
1.575096
1.608662
1.602207
1.580260
1.569932
1.547986
1.554441
1.544113
1.544113
1.591879
1.557023
1.553150
1.557023
1.545404
1.555732
1.550568
1.547986
1.603498
1.600916
1.560895
1.603498
1.612535
1.545404
1.562186
1.549277
1.547986
1.558314
1.567350
1.568641
1.563477
1.536367
1.562186
1.560895
1.546695
1.537658
1.580260
1.542822
1.582842
1.584133
1.616408
1.595752
1.602207
1.585424
1.599625
1.573805
1.564768
1.545404
1.549277
1.557023
1.600916
1.533785
1.537658
1.549277
1.566059
1.585424
1.576387
1.578969
1.566059
1.566059
1.567350
1.554441
1.584133
1.551859
1.554441
1.554441
1.557023
1.559605
1.554441
1.582842
1.546695
1.580260
1.553150
1.560895
1.555732
1.555732
1.538949
1.564768
1.533785
1.546695
1.541531
1.608662
1.573805
1.559605
1.551859
1.529912
1.549277
1.537658
1.567350
1.602207
1.547986
1.566059
1.544113
1.550568
1.578969
1.550568
1.564768
1.553150
1.540240
1.537658
1.557023
1.546695
1.551859
1.557023
1.572514
1.569932
1.568641
1.547986
1.555732
1.560895
1.553150
1.566059
1.540240
1.560895
1.560895
1.538949
1.560895
1.606080
1.567350
1.566059
1.542822
1.549277
1.545404
1.576387
1.549277
1.546695
1.545404
1.558314
1.588006
1.575096
1.597043
1.549277
1.553150
1.549277
1.560895
1.576387
1.555732
1.568641
1.557023
1.555732
1.554441
1.563477
1.553150
1.563477
1.537658
1.568641
1.554441
1.573805
1.572514
1.597043
1.606080
1.563477
1.545404
1.582842
1.544113
1.541531
1.564768
1.544113
1.546695
1.568641
1.550568
1.594461
1.553150
1.554441
1.558314
1.599625
1.563477
1.536367
1.553150
1.600916
1.599625
1.546695
1.562186
1.567350
1.566059
1.555732
1.564768
1.535076
1.558314
1.531203
1.541531
1.572514
1.542822
1.544113
1.535076
1.599625
1.551859
1.555732
1.536367
1.567350
1.542822
1.607371
1.558314
1.542822
1.550568
1.547986
1.555732
1.566059
1.572514
1.569932
1.595752
1.560895
1.584133
1.550568
1.567350
1.529912
1.557023
1.546695
1.607371
1.603498
1.558314
1.563477
1.540240
1.581551
1.549277
1.617699
1.580260
1.555732
1.562186
1.603498
1.554441
1.588006
1.588006
1.554441
1.602207
1.563477
1.560895
1.600916
1.558314
1.546695
1.563477
1.558314
1.542822
1.558314
1.555732
1.544113
1.546695
1.560895
1.547986
1.540240
1.573805
1.578969
1.559605
1.549277
1.554441
1.563477
1.558314
1.616408
1.549277
1.568641
1.547986
1.564768
1.585424
1.598334
1.555732
1.560895
1.546695
1.582842
1.562186
1.604789
1.540240
1.560895
1.576387
1.598334
1.578969
1.533785
1.609953
1.567350
1.546695
1.581551
1.554441
1.555732
1.589297
1.595752
1.564768
1.557023
1.582842
1.567350
1.544113
1.549277
1.566059
1.549277
1.547986
1.559605
1.586715
1.553150
1.542822
1.555732
1.532494
1.545404
1.533785
1.551859
1.538949
1.550568
1.568641
1.569932
1.559605
1.572514
1.611244
1.550568
1.567350
1.572514
1.594461
1.546695
1.568641
1.585424
1.597043
1.568641
1.584133
1.550568
1.567350
1.546695
1.607371
1.533785
1.527330
1.535076
1.559605
1.560895
1.571223
1.606080
1.585424
1.557023
1.560895
1.568641
1.549277
1.560895
1.563477
1.563477
1.538949
1.551859
1.560895
1.549277
1.537658
1.554441
1.551859
1.606080
1.536367
1.542822
1.554441
1.588006
1.595752
1.541531
1.560895
1.598334
1.611244
1.572514
1.594461
1.572514
1.582842
1.563477
1.568641
1.571223
1.540240
1.549277
1.567350
1.567350
1.575096
1.541531
1.563477
1.566059
1.598334
1.578969
1.555732
1.541531
1.560895
1.542822
1.532494
1.541531
1.562186
1.559605
1.558314
1.544113
1.594461
1.559605
1.549277
1.564768
1.572514
1.616408
1.553150
1.541531
1.611244
1.598334
1.564768
1.528621
1.554441
1.564768
1.607371
1.558314
1.567350
1.564768
1.550568
1.588006
1.557023
1.555732
1.555732
1.568641
1.615117
1.541531
1.546695
1.537658
1.551859
1.541531
1.546695
1.549277
1.551859
1.540240
1.549277
1.584133
1.541531
1.545404
1.558314
1.555732
1.563477
1.569932
1.551859
1.537658
1.545404
1.585424
1.542822
1.559605
1.557023
1.571223
1.571223
1.547986
1.571223
1.613826
1.603498
1.559605
1.577678
1.595752
1.603498
1.600916
1.567350
1.564768
1.564768
1.550568
1.585424
1.560895
1.559605
1.547986
1.600916
1.549277
1.560895
1.557023
1.532494
1.538949
1.540240
1.549277
1.542822
1.607371
1.586715
1.546695
1.547986
1.573805
1.560895
1.563477
1.553150
1.541531
1.571223
1.545404
1.618990
1.562186
1.569932
1.589297
1.575096
1.572514
1.559605
1.558314
1.578969
1.580260
1.541531
1.553150
1.555732
1.564768
1.572514
1.571223
1.536367
1.555732
1.554441
1.536367
1.537658
1.597043
1.585424
1.568641
1.588006
1.545404
1.546695
1.600916
1.566059
1.599625
1.554441
1.581551
1.608662
1.568641
1.531203
1.553150
1.555732
1.558314
1.562186
1.563477
1.573805
1.550568
1.550568
1.568641
1.562186
1.571223
1.571223
1.567350
1.533785
1.540240
1.538949
1.545404
1.572514
1.595752
1.581551
1.555732
1.564768
1.541531
1.536367
1.580260
1.557023
1.598334
1.564768
1.554441
1.563477
1.536367
1.560895
1.557023
1.542822
1.553150
1.546695
1.559605
1.595752
1.563477
1.568641
1.550568
1.551859
1.604789
1.544113
1.536367
1.558314
1.590588
1.599625
1.569932
1.607371
1.567350
1.604789
1.595752
1.566059
1.578969
1.568641
1.551859
1.554441
1.546695
1.573805
1.540240
1.559605
1.554441
1.535076
1.603498
1.562186
1.563477
1.554441
1.573805
1.572514
1.558314
1.567350
1.560895
1.599625
1.569932
1.566059
1.554441
1.603498
1.606080
1.555732
1.609953
1.603498
1.550568
1.557023
1.597043
1.607371
1.566059
1.553150
1.566059
1.544113
1.593170
1.542822
1.599625
1.555732
1.550568
1.608662
1.560895
1.566059
1.612535
1.541531
1.606080
1.554441
1.578969
1.533785
1.555732
1.600916
1.536367
1.545404
1.541531
1.558314
1.540240
1.575096
1.567350
1.537658
1.540240
1.602207
1.562186
1.540240
1.612535
1.557023
1.573805
1.562186
1.571223
1.554441
1.588006
1.600916
1.566059
1.604789
1.573805
1.569932
1.546695
1.567350
1.597043
1.564768
1.532494
1.545404
1.547986
1.563477
1.566059
1.569932
1.569932
1.559605
1.563477
1.578969
1.536367
1.533785
1.604789
1.529912
1.567350
1.553150
1.544113
1.571223
1.568641
1.604789
1.586715
1.599625
1.545404
1.559605
1.615117
1.586715
1.547986
1.600916
1.550568
1.540240
1.606080
1.550568
1.549277
1.546695
1.568641
1.573805
1.611244
1.558314
1.549277
1.559605
1.551859
1.566059
1.558314
1.553150
1.545404
1.558314
1.582842
1.555732
1.540240
1.524748
1.542822
1.551859
1.560895
1.559605
1.554441
1.538949
1.564768
1.553150
1.542822
1.536367
1.536367
1.597043
1.585424
1.554441
1.545404
1.551859
1.555732
1.569932
1.538949
1.568641
1.541531
1.554441
1.566059
1.588006
1.557023
1.568641
1.550568
1.557023
1.549277
1.604789
1.588006
1.564768
1.563477
1.550568
1.547986
1.557023
1.608662
1.600916
1.562186
1.586715
1.593170
1.585424
1.568641
1.568641
1.547986
1.563477
1.547986
1.545404
1.551859
1.589297
1.612535
1.542822
1.563477
1.612535
1.567350
1.550568
1.598334
1.554441
1.562186
1.562186
1.535076
1.547986
1.551859
1.568641
1.572514
1.554441
1.580260
1.567350
1.540240
1.566059
1.566059
1.585424
1.563477
1.567350
1.544113
1.591879
1.609953
1.550568
1.533785
1.572514
1.545404
1.544113
1.542822
1.560895
1.560895
1.558314
1.558314
1.541531
1.586715
1.594461
1.566059
1.568641
1.571223
1.550568
1.573805
1.571223
1.560895
1.604789
1.546695
1.566059
1.573805
1.557023
1.551859
1.563477
1.553150
1.550568
1.571223
1.564768
1.554441
1.555732
1.604789
1.564768
1.551859
1.559605
1.553150
1.549277
1.586715
1.546695
1.607371
1.538949
1.603498
1.542822
1.557023
1.558314
1.546695
1.602207
1.545404
1.563477
1.554441
1.572514
1.558314
1.559605
1.582842
1.568641
1.562186
1.564768
1.551859
1.558314
1.532494
1.554441
1.589297
1.544113
1.563477
1.597043
1.581551
1.544113
1.563477
1.569932
1.608662
1.540240
1.560895
1.536367
1.571223
1.551859
1.551859
1.546695
1.594461
1.554441
1.537658
1.560895
1.545404
1.541531
1.544113
1.589297
1.555732
1.557023
1.553150
1.550568
1.606080
1.562186
1.553150
1.573805
1.568641
1.560895
1.563477
1.599625
1.604789
1.550568
1.545404
1.559605
1.582842
1.562186
1.554441
1.569932
1.559605
1.567350
1.546695
1.573805
1.560895
1.533785
1.589297
1.562186
1.598334
1.545404
1.542822
1.553150
1.553150
1.602207
1.551859
1.524748
1.549277
1.600916
1.557023
1.538949
1.603498
1.559605
1.609953
1.558314
1.600916
1.546695
1.563477
1.540240
1.547986
1.553150
1.585424
1.554441
1.593170
1.560895
1.549277
1.567350
1.557023
1.557023
1.553150
1.545404
1.535076
1.557023
1.595752
1.566059
1.566059
1.606080
1.566059
1.562186
1.564768
1.557023
1.571223
1.550568
1.541531
1.549277
1.555732
1.558314
1.555732
1.537658
1.564768
1.600916
1.603498
1.575096
1.562186
1.588006
1.571223
1.564768
1.542822
1.563477
1.537658
1.611244
1.591879
1.595752
1.616408
1.568641
1.557023
1.594461
1.557023
1.545404
1.540240
1.593170
1.569932
1.566059
1.597043
1.550568
1.576387
1.573805
1.550568
1.611244
1.613826
1.564768
1.554441
1.540240
1.582842
1.553150
1.584133
1.557023
1.546695
1.537658
1.577678
1.541531
1.554441
1.538949
1.520875
1.540240
1.573805
1.571223
1.544113
1.540240
1.554441
1.542822
1.594461
1.563477
1.564768
1.551859
1.563477
1.568641
1.545404
1.569932
1.572514
1.555732
1.599625
1.573805
1.584133
1.541531
1.560895
1.611244
1.606080
1.557023
1.595752
1.557023
1.606080
1.580260
1.576387
1.558314
1.607371
1.540240
1.559605
1.558314
1.559605
1.555732
1.564768
1.553150
1.575096
1.554441
1.575096
1.590588
1.558314
1.523457
1.594461
1.563477
1.546695
1.544113
1.537658
1.533785
1.535076
1.546695
1.535076
1.551859
1.551859
1.549277
1.603498
1.541531
1.588006
1.609953
1.549277
1.569932
1.562186
1.576387
1.576387
1.558314
1.533785
1.573805
1.584133
1.586715
1.558314
1.538949
1.557023
1.560895
1.591879
1.560895
1.560895
1.554441
1.609953
1.553150
1.566059
1.612535
1.542822
1.560895
1.555732
1.542822
1.547986
1.555732
1.562186
1.544113
1.546695
1.599625
1.558314
1.546695
1.551859
1.554441
1.551859
1.594461
1.600916
1.564768
1.602207
1.550568
1.612535
1.615117
1.551859
1.540240
1.547986
1.562186
1.533785
1.597043
1.559605
1.599625
1.554441
1.564768
1.609953
1.554441
1.569932
1.560895
1.566059
1.578969
1.584133
1.597043
1.545404
1.562186
1.538949
1.602207
1.524748
1.558314
1.550568
1.535076
1.604789
1.575096
1.617699
1.560895
1.555732
1.600916
1.591879
1.608662
1.593170
1.568641
1.545404
1.584133
1.559605
1.588006
1.544113
1.559605
1.551859
1.568641
1.558314
1.559605
1.602207
1.563477
1.557023
1.559605
1.536367
1.531203
1.542822
1.549277
1.597043
1.531203
1.542822
1.564768
1.581551
1.611244
1.577678
1.613826
1.603498
1.597043
1.586715
1.567350
1.541531
1.607371
1.557023
1.549277
1.537658
1.609953
1.593170
1.562186
1.541531
1.540240
1.526039
1.547986
1.566059
1.599625
1.597043
1.582842
1.564768
1.544113
1.553150
1.569932
1.568641
1.568641
1.557023
1.568641
1.558314
1.567350
1.546695
1.560895
1.553150
1.529912
1.555732
1.540240
1.551859
1.540240
1.585424
1.584133
1.569932
1.562186
1.564768
1.571223
1.568641
1.566059
1.557023
1.555732
1.555732
1.559605
1.540240
1.554441
1.576387
1.550568
1.566059
1.600916
1.549277
1.608662
1.562186
1.550568
1.560895
1.588006
1.560895
1.599625
1.538949
1.603498
1.591879
1.557023
1.569932
1.541531
1.555732
1.560895
1.557023
1.582842
1.572514
1.576387
1.577678
1.542822
1.550568
1.562186
1.546695
1.537658
1.542822
1.600916
1.598334
1.564768
1.606080
1.559605
1.547986
1.563477
1.562186
1.538949
1.566059
1.544113
1.540240
1.553150
1.569932
1.547986
1.563477
1.557023
1.559605
1.588006
1.560895
1.571223
1.572514
1.566059
1.546695
1.557023
1.559605
1.603498
1.611244
1.578969
1.555732
1.612535
1.531203
1.549277
1.578969
1.545404
1.529912
1.603498
1.559605
1.532494
1.553150
1.600916
1.549277
1.560895
1.559605
1.558314
1.588006
1.562186
1.585424
1.541531
1.588006
1.558314
1.559605
1.549277
1.564768
1.541531
1.580260
1.563477
1.555732
1.557023
1.582842
1.553150
1.550568
1.544113
1.536367
1.607371
1.562186
1.546695
1.554441
1.603498
1.557023
1.618990
1.604789
1.569932
1.560895
1.555732
1.550568
1.558314
1.575096
1.568641
1.560895
1.553150
1.558314
1.564768
1.604789
1.549277
1.562186
1.581551
1.584133
1.560895
1.537658
1.553150
1.615117
1.547986
1.563477
1.559605
1.602207
1.551859
1.564768
1.560895
1.540240
1.564768
1.537658
1.568641
1.536367
1.595752
1.590588
1.569932
1.550568
1.560895
1.549277
1.555732
1.567350
1.550568
1.563477
1.594461
1.533785
1.597043
1.555732
1.586715
1.563477
1.571223
1.594461
1.572514
1.599625
1.595752
1.554441
1.554441
1.566059
1.554441
1.557023
1.607371
1.544113
1.564768
1.600916
1.557023
1.537658
1.560895
1.606080
1.554441
1.551859
1.566059
1.572514
1.569932
1.544113
1.541531
1.531203
1.550568
1.558314
1.568641
1.568641
1.572514
1.609953
1.564768
1.558314
1.560895
1.547986
1.545404
1.563477
1.588006
1.598334
1.555732
1.537658
1.563477
1.567350
1.544113
1.562186
1.547986
1.564768
1.553150
1.606080
1.566059
1.533785
1.549277
1.604789
1.573805
1.542822
1.558314
1.551859
1.564768
1.580260
1.535076
1.536367
1.562186
1.564768
1.564768
1.564768
1.569932
1.569932
1.562186
1.549277
1.544113
1.563477
1.541531
1.536367
1.564768
1.609953
1.533785
1.542822
1.541531
1.550568
1.562186
1.589297
1.554441
1.582842
1.559605
1.588006
1.603498
1.559605
1.571223
1.617699
1.569932
1.598334
1.567350
1.544113
1.547986
1.580260
1.589297
1.551859
1.538949
1.555732
1.555732
1.537658
1.546695
1.547986
1.541531
1.547986
1.540240
1.542822
1.564768
1.526039
1.603498
1.541531
1.551859
1.555732
1.551859
1.611244
1.553150
1.606080
1.554441
1.535076
1.540240
1.580260
1.567350
1.591879
1.594461
1.562186
1.573805
1.566059
1.547986
1.585424
1.554441
1.564768
1.572514
1.550568
1.585424
1.559605
1.557023
1.560895
1.542822
1.588006
1.563477
1.560895
1.541531
1.586715
1.602207
1.547986
1.567350
1.546695
1.553150
1.560895
1.609953
1.549277
1.612535
1.551859
1.563477
1.564768
1.568641
1.541531
1.558314
1.568641
1.541531
1.562186
1.553150
1.538949
1.606080
1.585424
1.580260
1.590588
1.584133
1.586715
1.563477
1.546695
1.557023
1.575096
1.550568
1.560895
1.569932
1.563477
1.586715
1.591879
1.557023
1.562186
1.557023
1.555732
1.536367
1.604789
1.586715
1.582842
1.551859
1.551859
1.563477
1.577678
1.612535
1.559605
1.573805
1.609953
1.550568
1.544113
1.553150
1.554441
1.558314
1.580260
1.540240
1.560895
1.541531
1.575096
1.559605
1.547986
1.588006
1.551859
1.586715
1.558314
1.581551
1.563477
1.575096
1.566059
1.573805
1.608662
1.546695
1.606080
1.562186
1.553150
1.599625
1.555732
1.555732
1.581551
1.544113
1.557023
1.560895
1.593170
1.554441
1.550568
1.535076
1.536367
1.533785
1.557023
1.569932
1.536367
1.551859
1.540240
1.550568
1.566059
1.559605
1.585424
1.553150
1.597043
1.562186
1.615117
1.608662
1.557023
1.563477
1.540240
1.547986
1.559605
1.531203
1.584133
1.544113
1.582842
1.578969
1.568641
1.547986
1.562186
1.554441
1.540240
1.604789
1.551859
1.598334
1.554441
1.537658
1.607371
1.566059
1.606080
1.564768
1.533785
1.562186
1.553150
1.550568
1.598334
1.558314
1.554441
1.553150
1.589297
1.564768
1.571223
1.567350
1.536367
1.612535
1.550568
1.563477
1.551859
1.547986
1.538949
1.597043
1.563477
1.559605
1.547986
1.545404
1.562186
1.544113
1.544113
1.585424
1.553150
1.559605
1.568641
1.599625
1.549277
1.588006
1.559605
1.559605
1.549277
1.593170
1.562186
1.564768
1.564768
1.593170
1.566059
1.611244
1.580260
1.564768
1.550568
1.536367
1.567350
1.544113
1.559605
1.536367
1.555732
1.550568
1.595752
1.545404
1.536367
1.541531
1.589297
1.564768
1.549277
1.558314
1.553150
1.563477
1.544113
1.609953
1.564768
1.557023
1.566059
1.555732
1.544113
1.606080
1.563477
1.547986
1.560895
1.576387
1.571223
1.558314
1.563477
1.545404
1.549277
1.547986
1.597043
1.542822
1.577678
1.537658
1.555732
1.551859
1.551859
1.560895
1.545404
1.547986
1.547986
1.547986
1.604789
1.609953
1.564768
1.553150
1.562186
1.547986
1.553150
1.620281
1.584133
1.563477
1.573805
1.559605
1.545404
1.564768
1.581551
1.557023
1.567350
1.545404
1.569932
1.531203
1.558314
1.545404
1.584133
1.550568
1.550568
1.568641
1.604789
1.531203
1.560895
1.593170
1.555732
1.554441
1.571223
1.573805
1.573805
1.550568
1.551859
1.549277
1.557023
1.542822
1.594461
1.541531
1.545404
1.608662
1.564768
1.551859
1.568641
1.550568
1.567350
1.562186
1.553150
1.603498
1.544113
1.540240
1.568641
1.559605
1.541531
1.618990
1.564768
1.557023
1.553150
1.554441
1.581551
1.598334
1.553150
1.562186
1.550568
1.564768
1.560895
1.545404
1.569932
1.550568
1.562186
1.566059
1.536367
1.536367
1.567350
1.584133
1.529912
1.567350
1.545404
1.553150
1.564768
1.557023
1.551859
1.571223
1.547986
1.567350
1.564768
1.540240
1.562186
1.537658
1.546695
1.566059
1.594461
1.562186
1.559605
1.547986
1.558314
1.603498
1.536367
1.554441
1.593170
1.562186
1.617699
1.544113
1.572514
1.541531
1.549277
1.586715
1.597043
1.581551
1.566059
1.557023
1.542822
1.606080
1.557023
1.533785
1.593170
1.558314
1.541531
1.607371
1.564768
1.554441
1.559605
1.544113
1.607371
1.557023
1.538949
1.540240
1.591879
1.554441
1.558314
1.533785
1.555732
1.545404
1.598334
1.562186
1.553150
1.553150
1.591879
1.593170
1.589297
1.578969
1.569932
1.563477
1.609953
1.551859
1.541531
1.542822
1.540240
1.562186
1.564768
1.563477
1.564768
1.600916
1.558314
1.555732
1.567350
1.599625
1.568641
1.609953
1.536367
1.563477
1.533785
1.563477
1.541531
1.567350
1.569932
1.557023
1.607371
1.558314
1.533785
1.559605
1.538949
1.554441
1.549277
1.559605
1.554441
1.571223
1.554441
1.575096
1.566059
1.553150
1.559605
1.559605
1.545404
1.555732
1.573805
1.550568
1.553150
1.547986
1.560895
1.541531
1.554441
1.562186
1.547986
1.594461
1.577678
1.559605
1.540240
1.550568
1.555732
1.562186
1.542822
1.558314
1.609953
1.546695
1.557023
1.541531
1.535076
1.545404
1.558314
1.572514
1.533785
1.560895
1.584133
1.581551
1.604789
1.555732
1.567350
1.615117
1.607371
1.546695
1.611244
1.575096
1.622863
1.564768
1.554441
1.572514
1.609953
1.564768
1.536367
1.527330
1.542822
1.541531
1.524748
1.529912
1.538949
1.535076
1.547986
1.555732
1.540240
1.586715
1.555732
1.600916
1.568641
1.604789
1.541531
1.586715
1.569932
1.576387
1.573805
1.576387
