1.497637
1.492473
1.478273
1.466654
1.451162
1.445998
1.436961
1.453744
1.470527
1.467945
1.456326
1.439543
1.442125
1.453744
1.458908
1.461490
1.475691
1.491182
1.495055
1.504092
1.517002
1.522166
1.518293
1.495055
1.474400
1.462781
1.461490
1.458908
1.456326
1.448580
1.453744
1.451162
1.451162
1.453744
1.445998
1.439543
1.440834
1.452453
1.453744
1.452453
1.457617
1.455035
1.462781
1.461490
1.461490
1.455035
1.455035
1.467945
1.486018
1.495055
1.496346
1.504092
1.497637
1.491182
1.483437
1.474400
1.466654
1.475691
1.473109
1.474400
1.457617
1.444707
1.436961
1.451162
1.458908
1.451162
1.458908
1.461490
1.471818
1.471818
1.464072
1.466654
1.475691
1.482146
1.492473
1.486018
1.488600
1.489891
1.474400
1.466654
1.464072
1.466654
1.461490
1.469236
1.467945
1.470527
1.471818
1.480855
1.491182
1.488600
1.500219
1.489891
1.497637
1.486018
1.489891
1.493764
1.500219
1.509256
1.517002
1.523457
1.528621
1.514420
1.506674
1.492473
1.486018
1.475691
1.461490
1.460199
1.461490
1.461490
1.471818
1.466654
1.455035
1.448580
1.438252
1.439543
1.438252
1.443416
1.445998
1.448580
1.434379
1.438252
1.447289
1.458908
1.466654
1.449871
1.439543
1.439543
1.456326
1.471818
1.483437
1.466654
1.449871
1.452453
1.453744
1.469236
1.489891
1.492473
1.486018
1.475691
1.464072
1.460199
1.475691
1.488600
1.482146
1.473109
1.467945
1.462781
1.460199
1.478273
1.489891
1.493764
1.496346
1.487309
1.473109
1.466654
1.475691
1.483437
1.482146
1.461490
1.448580
1.436961
1.445998
1.447289
1.469236
1.474400
1.479564
1.473109
1.476982
1.476982
1.471818
1.467945
1.466654
1.466654
1.471818
1.474400
1.474400
1.482146
1.486018
1.487309
1.475691
1.473109
1.480855
1.482146
1.495055
1.500219
1.492473
1.497637
1.492473
1.489891
1.480855
1.467945
1.467945
1.462781
1.467945
1.476982
1.473109
1.483437
1.487309
1.473109
1.460199
1.462781
1.460199
1.451162
1.447289
1.447289
1.440834
1.461490
1.465363
1.474400
1.462781
1.474400
1.484728
1.497637
1.492473
1.504092
1.524748
1.528621
1.532494
1.532494
1.522166
1.510547
1.489891
1.476982
1.457617
1.445998
1.444707
1.430506
1.434379
1.438252
1.460199
1.470527
1.476982
1.471818
1.464072
1.457617
1.448580
1.431797
1.417596
1.396941
1.391777
1.407269
1.422760
1.430506
1.443416
1.443416
1.452453
1.471818
1.483437
1.486018
1.493764
1.492473
1.491182
1.491182
1.493764
1.507965
1.519584
1.526039
1.511838
1.496346
1.498928
1.489891
1.489891
1.475691
1.465363
1.442125
1.440834
1.440834
1.453744
1.471818
1.476982
1.474400
1.466654
1.478273
1.488600
1.498928
1.488600
1.486018
1.475691
1.478273
1.480855
1.479564
1.478273
1.483437
1.475691
1.470527
1.457617
1.451162
1.444707
1.456326
1.469236
1.467945
1.457617
1.460199
1.457617
1.469236
1.473109
1.482146
1.489891
1.487309
1.479564
1.467945
1.462781
1.473109
1.476982
1.471818
1.453744
1.453744
1.447289
1.452453
1.474400
1.480855
1.478273
1.480855
1.476982
1.491182
1.491182
1.484728
1.484728
1.478273
1.476982
1.469236
1.470527
1.456326
1.456326
1.458908
1.464072
1.479564
1.491182
1.501510
1.506674
1.496346
1.483437
1.474400
1.479564
1.471818
1.469236
1.469236
1.471818
1.476982
1.480855
1.491182
1.489891
1.473109
1.467945
1.464072
1.452453
1.448580
1.460199
1.474400
1.488600
1.500219
1.505383
1.510547
1.492473
1.479564
1.476982
1.469236
1.455035
1.448580
1.448580
1.443416
1.458908
1.464072
1.466654
1.471818
1.458908
1.453744
1.458908
1.455035
1.444707
1.442125
1.440834
1.445998
1.457617
1.470527
1.464072
1.452453
1.451162
1.464072
1.471818
1.478273
1.487309
1.475691
1.483437
1.471818
1.467945
1.462781
1.461490
1.445998
1.451162
1.462781
1.479564
1.500219
1.507965
1.497637
1.488600
1.466654
1.457617
1.456326
1.460199
1.464072
1.464072
1.466654
1.476982
1.480855
1.491182
1.491182
1.484728
1.480855
1.471818
1.486018
1.497637
1.511838
1.514420
1.510547
1.487309
1.480855
1.467945
1.453744
1.470527
1.473109
1.482146
1.497637
1.506674
1.507965
1.497637
1.488600
1.475691
1.457617
1.438252
1.424051
1.404687
1.404687
1.400814
1.412432
1.427924
1.456326
1.457617
1.464072
1.466654
1.465363
1.458908
1.455035
1.464072
1.465363
1.475691
1.482146
1.500219
1.509256
1.507965
1.487309
1.474400
1.462781
1.470527
1.478273
1.486018
1.479564
1.495055
1.495055
1.489891
1.478273
1.474400
1.473109
1.457617
1.451162
1.436961
1.439543
1.451162
1.469236
1.469236
1.475691
1.474400
1.478273
1.476982
1.471818
1.467945
1.476982
1.491182
1.511838
1.513129
1.506674
1.504092
1.493764
1.496346
1.502801
1.502801
1.500219
1.489891
1.487309
1.491182
1.475691
1.466654
1.473109
1.484728
1.493764
1.487309
1.474400
1.455035
1.430506
1.420178
1.412432
1.411141
1.417596
1.430506
1.435670
1.435670
1.447289
1.465363
1.467945
1.469236
1.474400
1.464072
1.464072
1.469236
1.479564
1.487309
1.492473
1.517002
1.520875
1.514420
1.504092
1.486018
1.478273
1.482146
1.488600
1.483437
1.478273
1.479564
1.476982
1.471818
1.469236
1.462781
1.456326
1.453744
1.460199
1.460199
1.461490
1.464072
1.466654
1.471818
1.492473
1.497637
1.505383
1.496346
1.484728
1.483437
1.476982
1.467945
1.465363
1.458908
1.447289
1.439543
1.433088
1.436961
1.440834
1.452453
1.457617
1.456326
1.451162
1.448580
1.445998
1.442125
1.444707
1.453744
1.449871
1.452453
1.461490
1.456326
1.457617
1.460199
1.476982
1.484728
1.492473
1.505383
1.500219
1.505383
1.498928
1.498928
1.476982
1.469236
1.470527
1.492473
1.506674
1.514420
1.500219
1.483437
1.458908
1.434379
1.427924
1.421469
1.431797
1.440834
1.453744
1.474400
1.486018
1.495055
1.488600
1.474400
1.466654
1.445998
1.434379
1.434379
1.440834
1.451162
1.452453
1.457617
1.460199
1.469236
1.489891
1.491182
1.484728
1.491182
1.492473
1.502801
1.511838
1.513129
1.501510
1.484728
1.470527
1.467945
1.478273
1.483437
1.479564
1.487309
1.497637
1.495055
1.484728
1.461490
1.457617
1.445998
1.438252
1.451162
1.453744
1.456326
1.466654
1.471818
1.478273
1.495055
1.495055
1.492473
1.496346
1.515711
1.510547
1.504092
1.489891
1.486018
1.487309
1.483437
1.480855
1.486018
1.476982
1.471818
1.473109
1.475691
1.473109
1.474400
1.469236
1.473109
1.470527
1.466654
1.470527
1.471818
1.469236
1.475691
1.484728
1.474400
1.456326
1.452453
1.449871
1.443416
1.447289
1.458908
1.458908
1.458908
1.457617
1.467945
1.483437
1.495055
1.488600
1.482146
1.474400
1.457617
1.448580
1.439543
1.445998
1.461490
1.479564
1.471818
1.473109
1.478273
1.487309
1.479564
1.482146
1.470527
1.467945
1.465363
1.475691
1.480855
1.498928
1.493764
1.488600
1.482146
1.474400
1.465363
1.453744
1.451162
1.458908
1.452453
1.449871
1.452453
1.461490
1.464072
1.465363
1.471818
1.471818
1.467945
1.474400
1.480855
1.487309
1.482146
1.482146
1.483437
1.478273
1.471818
1.479564
1.486018
1.484728
1.496346
1.492473
1.483437
1.469236
1.467945
1.465363
1.439543
1.416305
1.402105
1.418887
1.424051
1.422760
1.427924
1.439543
1.451162
1.460199
1.469236
1.474400
1.476982
1.478273
1.480855
1.488600
1.495055
1.495055
1.488600
1.495055
1.495055
1.488600
1.474400
1.478273
1.476982
1.476982
1.476982
1.469236
1.474400
1.484728
1.493764
1.483437
1.473109
1.469236
1.461490
1.467945
1.471818
1.484728
1.497637
1.506674
1.509256
1.492473
1.492473
1.474400
1.476982
1.476982
1.488600
1.486018
1.467945
1.465363
1.462781
1.457617
1.458908
1.462781
1.471818
1.457617
1.461490
1.464072
1.466654
1.491182
1.496346
1.510547
1.507965
1.506674
1.495055
1.484728
1.492473
1.491182
1.484728
1.471818
1.474400
1.476982
1.480855
1.470527
1.464072
1.456326
1.462781
1.482146
1.480855
1.482146
1.475691
1.471818
1.470527
1.467945
1.462781
1.462781
1.452453
1.458908
1.460199
1.469236
1.469236
1.478273
1.471818
1.469236
1.460199
1.461490
1.462781
1.465363
1.447289
1.447289
1.443416
1.440834
1.451162
1.457617
1.451162
1.457617
1.455035
1.449871
1.451162
1.448580
1.461490
1.469236
1.470527
1.469236
1.467945
1.462781
1.482146
1.510547
1.524748
1.531203
1.524748
1.514420
1.497637
1.471818
1.445998
1.427924
1.424051
1.424051
1.427924
1.438252
1.449871
1.457617
1.465363
1.466654
1.467945
1.457617
1.452453
1.456326
1.462781
1.476982
1.484728
1.470527
1.455035
1.462781
1.479564
1.480855
1.482146
1.484728
1.489891
1.489891
1.495055
1.501510
1.500219
1.498928
1.491182
1.475691
1.467945
1.480855
1.475691
1.471818
1.479564
1.479564
1.465363
1.447289
1.433088
1.425342
1.429215
1.445998
1.456326
1.469236
1.480855
1.476982
1.483437
1.489891
1.482146
1.475691
1.478273
1.464072
1.460199
1.471818
1.486018
1.492473
1.500219
1.491182
1.480855
1.461490
1.452453
1.453744
1.449871
1.447289
1.457617
1.461490
1.460199
1.470527
1.471818
1.484728
1.496346
1.498928
1.498928
1.495055
1.486018
1.474400
1.464072
1.460199
1.449871
1.443416
1.443416
1.451162
1.444707
1.439543
1.455035
1.465363
1.480855
1.474400
1.480855
1.476982
1.486018
1.496346
1.502801
1.501510
1.487309
1.482146
1.466654
1.460199
1.452453
1.452453
1.458908
1.475691
1.480855
1.486018
1.492473
1.497637
1.502801
1.506674
1.510547
1.502801
1.502801
1.495055
1.473109
1.470527
1.475691
1.478273
1.471818
1.470527
1.473109
1.476982
1.470527
1.469236
1.465363
1.466654
1.464072
1.473109
1.470527
1.465363
1.479564
1.493764
1.505383
1.511838
1.504092
1.501510
1.492473
1.474400
1.448580
1.429215
1.425342
1.425342
1.425342
1.436961
1.429215
1.426633
1.434379
1.429215
1.425342
1.417596
1.415014
1.418887
1.433088
1.455035
1.492473
1.517002
1.528621
1.518293
1.511838
1.500219
1.495055
1.493764
1.498928
1.495055
1.495055
1.489891
1.491182
1.479564
1.466654
1.452453
1.452453
1.455035
1.464072
1.462781
1.470527
1.473109
1.482146
1.483437
1.471818
1.464072
1.466654
1.465363
1.464072
1.458908
1.443416
1.442125
1.451162
1.476982
1.482146
1.488600
1.491182
1.489891
1.487309
1.483437
1.482146
1.470527
1.483437
1.476982
1.483437
1.486018
1.484728
1.492473
1.489891
1.489891
1.474400
1.460199
1.449871
1.448580
1.458908
1.460199
1.453744
1.464072
1.469236
1.475691
1.466654
1.475691
1.479564
1.469236
1.475691
1.473109
1.479564
1.484728
1.497637
1.497637
1.495055
1.486018
1.479564
1.460199
1.443416
1.434379
1.440834
1.455035
1.458908
1.467945
1.456326
1.451162
1.447289
1.457617
1.480855
1.497637
1.493764
1.495055
1.495055
1.495055
1.484728
1.475691
1.465363
1.462781
1.461490
1.464072
1.467945
1.470527
1.478273
1.482146
1.491182
1.488600
1.482146
1.492473
1.487309
1.482146
1.475691
1.471818
1.457617
1.466654
1.469236
1.475691
1.482146
1.473109
1.457617
1.445998
1.445998
1.448580
1.436961
1.443416
1.451162
1.456326
1.467945
1.461490
1.465363
1.476982
1.491182
1.495055
1.482146
1.471818
1.464072
1.467945
1.461490
1.458908
1.455035
1.457617
1.466654
1.480855
1.469236
1.466654
1.452453
1.455035
1.465363
1.483437
1.497637
1.511838
1.515711
1.518293
1.523457
1.514420
1.511838
1.505383
1.496346
1.498928
1.484728
1.473109
1.465363
1.452453
1.447289
1.439543
1.440834
1.448580
1.453744
1.460199
1.467945
1.470527
1.473109
1.466654
1.462781
1.457617
1.458908
1.448580
1.436961
1.447289
1.447289
1.451162
1.457617
1.470527
1.480855
1.475691
1.464072
1.465363
1.456326
1.464072
1.475691
1.480855
1.483437
1.469236
1.467945
1.467945
1.482146
1.487309
1.491182
1.471818
1.464072
1.476982
1.479564
1.484728
1.500219
1.506674
1.517002
1.514420
1.491182
1.474400
1.475691
1.473109
1.475691
1.480855
1.473109
1.469236
1.466654
1.466654
1.457617
1.451162
1.435670
1.433088
1.425342
1.422760
1.417596
1.431797
1.456326
1.457617
1.467945
1.478273
1.484728
1.498928
1.496346
1.493764
1.482146
1.482146
1.487309
1.491182
1.501510
1.493764
1.489891
1.487309
1.470527
1.449871
1.452453
1.462781
1.467945
1.475691
1.483437
1.491182
1.501510
1.515711
1.514420
1.510547
1.505383
1.504092
1.501510
1.492473
1.487309
1.476982
1.471818
1.471818
1.474400
1.467945
1.461490
1.467945
1.475691
1.478273
1.474400
1.467945
1.456326
1.455035
1.457617
1.461490
1.466654
1.461490
1.464072
1.458908
1.444707
1.433088
1.431797
1.418887
1.420178
1.431797
1.443416
1.442125
1.449871
1.470527
1.473109
1.471818
1.464072
1.464072
1.456326
1.456326
1.460199
1.464072
1.465363
1.461490
1.474400
1.489891
1.497637
1.500219
1.507965
1.496346
1.482146
1.478273
1.480855
1.493764
1.514420
1.510547
1.502801
1.500219
1.495055
1.482146
1.476982
1.479564
1.474400
1.474400
1.475691
1.470527
1.471818
1.479564
1.475691
1.458908
1.449871
1.447289
1.440834
1.435670
1.453744
1.467945
1.471818
1.475691
1.478273
1.480855
1.482146
1.480855
1.475691
1.476982
1.467945
1.467945
1.473109
1.474400
1.466654
1.451162
1.447289
1.456326
1.465363
1.473109
1.473109
1.467945
1.469236
1.465363
1.462781
1.466654
1.466654
1.475691
1.480855
1.484728
1.479564
1.479564
1.470527
1.471818
1.483437
1.486018
1.483437
1.476982
1.479564
1.469236
1.470527
1.467945
1.469236
1.449871
1.452453
1.473109
1.488600
1.493764
1.496346
1.483437
1.475691
1.470527
1.461490
1.458908
1.464072
1.460199
1.462781
1.471818
1.471818
1.470527
1.476982
1.465363
1.456326
1.458908
1.466654
1.462781
1.467945
1.466654
1.467945
1.462781
1.465363
1.466654
1.475691
1.471818
1.465363
1.453744
1.455035
1.458908
1.452453
1.442125
1.451162
1.443416
1.448580
1.456326
1.470527
1.488600
1.492473
1.506674
1.501510
1.507965
1.502801
1.507965
1.509256
1.511838
1.501510
1.489891
1.476982
1.469236
1.455035
1.452453
1.452453
1.458908
1.466654
1.465363
1.464072
1.465363
1.471818
1.488600
1.500219
1.496346
1.473109
1.471818
1.464072
1.462781
1.462781
1.453744
1.443416
1.445998
1.453744
1.466654
1.484728
1.488600
1.491182
1.492473
1.484728
1.475691
1.458908
1.448580
1.452453
1.453744
1.456326
1.465363
1.458908
1.464072
1.461490
1.460199
1.466654
1.471818
1.469236
1.478273
1.489891
1.493764
1.483437
1.478273
1.466654
1.470527
1.471818
1.471818
1.469236
1.473109
1.471818
1.479564
1.489891
1.488600
1.467945
1.464072
1.461490
1.473109
1.487309
1.493764
1.504092
1.500219
1.504092
1.495055
1.486018
1.473109
1.464072
1.461490
1.465363
1.456326
1.435670
1.442125
1.443416
1.443416
1.455035
1.467945
1.476982
1.465363
1.457617
1.464072
1.456326
1.460199
1.464072
1.462781
1.476982
1.483437
1.492473
1.493764
1.484728
1.467945
1.455035
1.469236
1.483437
1.495055
1.478273
1.470527
1.475691
1.486018
1.498928
1.480855
1.464072
1.440834
1.418887
1.427924
1.439543
1.457617
1.471818
1.489891
1.487309
1.479564
1.473109
1.464072
1.467945
1.462781
1.467945
1.462781
1.460199
1.451162
1.453744
1.455035
1.465363
1.478273
1.486018
1.486018
1.489891
1.489891
1.496346
1.482146
1.478273
1.471818
1.478273
1.480855
1.487309
1.482146
1.473109
1.458908
1.452453
1.445998
1.462781
1.476982
1.486018
1.504092
1.501510
1.502801
1.491182
1.480855
1.483437
1.495055
1.505383
1.507965
1.498928
1.504092
1.510547
1.506674
1.480855
1.462781
1.447289
1.456326
1.464072
1.475691
1.476982
1.483437
1.480855
1.476982
1.470527
1.449871
1.442125
1.431797
1.427924
1.424051
1.418887
1.421469
1.426633
1.453744
1.461490
1.478273
1.478273
1.488600
1.480855
1.486018
1.483437
1.486018
1.491182
1.486018
1.486018
1.469236
1.466654
1.460199
1.465363
1.460199
1.469236
1.467945
1.475691
1.482146
1.506674
1.500219
1.483437
1.476982
1.455035
1.449871
1.460199
1.462781
1.457617
1.462781
1.457617
1.452453
1.452453
1.440834
1.443416
1.462781
1.469236
1.466654
1.470527
1.478273
1.501510
1.511838
1.505383
1.487309
1.484728
1.483437
1.483437
1.476982
1.473109
1.465363
1.470527
1.484728
1.495055
1.497637
1.492473
1.498928
1.500219
1.493764
1.479564
1.464072
1.461490
1.461490
1.465363
1.471818
1.471818
1.480855
1.496346
1.498928
1.500219
1.491182
1.475691
1.460199
1.455035
1.440834
1.435670
1.430506
1.438252
1.439543
1.453744
1.451162
1.466654
1.465363
1.462781
1.461490
1.461490
1.466654
1.470527
1.476982
1.474400
1.478273
1.480855
1.486018
1.480855
1.465363
1.460199
1.452453
1.458908
1.461490
1.474400
1.482146
1.486018
1.484728
1.475691
1.462781
1.457617
1.449871
1.461490
1.466654
1.476982
1.473109
1.476982
1.482146
1.483437
1.484728
1.492473
1.491182
1.486018
1.475691
1.465363
1.469236
1.467945
1.476982
1.478273
1.482146
1.480855
1.489891
1.482146
1.475691
1.465363
1.470527
1.474400
1.462781
1.458908
1.474400
1.488600
1.493764
1.497637
1.484728
1.466654
1.464072
1.470527
1.469236
1.465363
1.464072
1.456326
1.453744
1.452453
1.451162
1.436961
1.426633
1.434379
1.447289
1.465363
1.471818
1.475691
1.482146
1.479564
1.480855
1.482146
1.487309
1.483437
1.484728
1.469236
1.464072
1.452453
1.458908
1.457617
1.464072
1.461490
1.466654
1.467945
1.480855
1.478273
1.480855
1.476982
1.480855
1.486018
1.501510
1.496346
1.497637
1.502801
1.489891
1.488600
1.475691
1.469236
1.465363
1.460199
1.465363
1.475691
1.470527
1.474400
1.473109
1.469236
1.470527
1.480855
1.497637
1.496346
1.497637
1.506674
1.510547
1.492473
1.478273
1.462781
1.458908
1.452453
1.451162
1.447289
1.453744
1.460199
1.462781
1.462781
1.456326
1.452453
1.443416
1.452453
1.456326
1.461490
1.466654
1.479564
1.471818
1.475691
1.486018
1.489891
1.506674
1.511838
1.511838
1.505383
1.483437
1.462781
1.453744
1.443416
1.440834
1.440834
1.442125
1.451162
1.452453
1.457617
1.473109
1.470527
1.465363
1.471818
1.462781
1.448580
1.456326
1.467945
1.489891
1.509256
1.509256
1.500219
1.488600
1.476982
1.474400
1.470527
1.466654
1.465363
1.457617
1.470527
1.482146
1.489891
1.486018
1.483437
1.483437
1.473109
1.476982
1.489891
1.489891
1.478273
1.462781
1.448580
1.430506
1.422760
1.425342
1.447289
1.455035
1.452453
1.461490
1.461490
1.462781
1.458908
1.457617
1.473109
1.486018
1.500219
1.511838
1.511838
1.507965
1.493764
1.475691
1.455035
1.451162
1.453744
1.457617
1.456326
1.457617
1.455035
1.471818
1.467945
1.473109
1.471818
1.466654
1.461490
1.462781
1.471818
1.487309
1.502801
1.497637
1.495055
1.486018
1.479564
1.479564
1.478273
1.495055
1.491182
1.484728
1.480855
1.460199
1.455035
1.448580
1.449871
1.458908
1.466654
1.482146
1.495055
1.500219
1.483437
1.465363
1.458908
1.456326
1.460199
1.465363
1.460199
1.457617
1.458908
1.465363
1.471818
1.464072
1.452453
1.455035
1.458908
1.456326
1.465363
1.480855
1.478273
1.465363
1.462781
1.457617
1.460199
1.473109
1.491182
1.510547
1.518293
1.514420
1.502801
1.484728
1.483437
1.492473
1.484728
1.470527
1.464072
1.466654
1.474400
1.460199
1.451162
1.444707
1.438252
1.436961
1.452453
1.453744
1.466654
1.465363
1.470527
1.458908
1.447289
1.448580
1.447289
1.461490
1.479564
1.496346
1.510547
1.515711
1.511838
1.504092
1.482146
1.483437
1.480855
1.482146
1.491182
1.492473
1.488600
1.496346
1.493764
1.487309
1.475691
1.453744
1.440834
1.435670
1.422760
1.425342
1.426633
1.445998
1.476982
1.498928
1.507965
1.514420
1.510547
1.500219
1.497637
1.484728
1.480855
1.470527
1.473109
1.473109
1.464072
1.464072
1.465363
1.478273
1.476982
1.476982
1.469236
1.464072
1.467945
1.456326
1.444707
1.431797
1.440834
1.456326
1.456326
1.452453
1.460199
1.452453
1.448580
1.451162
1.458908
1.474400
1.473109
1.483437
1.491182
1.498928
1.492473
1.495055
1.478273
1.467945
1.453744
1.447289
1.447289
1.455035
1.471818
1.473109
1.467945
1.455035
1.457617
1.467945
1.457617
1.456326
1.461490
1.467945
1.469236
1.475691
1.491182
1.497637
1.495055
1.488600
1.486018
1.487309
1.476982
1.474400
1.483437
1.483437
1.487309
1.482146
1.480855
1.491182
1.491182
1.495055
1.501510
1.498928
1.488600
1.469236
1.460199
1.456326
1.471818
1.470527
1.473109
1.479564
1.478273
1.483437
1.483437
1.475691
1.467945
1.448580
1.442125
1.444707
1.433088
1.426633
1.435670
1.442125
1.453744
1.461490
1.467945
1.474400
1.498928
1.511838
1.519584
1.522166
1.514420
1.518293
1.515711
1.513129
1.509256
1.498928
1.483437
1.473109
1.461490
1.452453
1.448580
1.445998
1.448580
1.445998
1.452453
1.443416
1.436961
1.438252
1.442125
1.442125
1.438252
1.434379
1.433088
1.442125
1.443416
1.448580
1.453744
1.458908
1.479564
1.498928
1.510547
1.506674
1.487309
1.475691
1.458908
1.455035
1.464072
1.471818
1.470527
1.480855
1.475691
1.466654
1.447289
1.445998
1.452453
1.457617
1.458908
1.473109
1.479564
1.487309
1.488600
1.498928
1.498928
1.518293
1.519584
1.524748
1.517002
1.510547
1.493764
1.487309
1.478273
1.473109
1.471818
1.471818
1.476982
1.474400
1.465363
1.464072
1.460199
1.465363
1.461490
1.451162
1.452453
1.458908
1.447289
1.449871
1.453744
1.448580
1.448580
1.460199
1.467945
1.473109
1.458908
1.458908
1.473109
1.483437
1.493764
1.497637
1.496346
1.501510
1.488600
1.486018
1.488600
1.478273
1.479564
1.483437
1.471818
1.470527
1.455035
1.443416
1.440834
1.448580
1.471818
1.479564
1.482146
1.484728
1.480855
1.478273
1.478273
1.473109
1.476982
1.473109
1.452453
1.455035
1.455035
1.462781
1.462781
1.469236
1.483437
1.496346
1.510547
1.507965
1.498928
1.488600
1.489891
1.486018
1.483437
1.473109
1.467945
1.466654
1.482146
1.479564
1.484728
1.464072
1.452453
1.445998
1.426633
1.408560
1.415014
1.426633
1.442125
1.456326
1.465363
1.464072
1.478273
1.486018
1.496346
1.496346
1.506674
1.504092
1.510547
1.507965
1.500219
1.489891
1.480855
1.466654
1.470527
1.464072
1.464072
1.458908
1.465363
1.464072
1.451162
1.438252
1.448580
1.462781
1.464072
1.464072
1.471818
1.475691
1.465363
1.466654
1.464072
1.462781
1.469236
1.471818
1.475691
1.482146
1.480855
1.484728
1.487309
1.483437
1.493764
1.483437
1.475691
1.473109
1.475691
1.469236
1.469236
1.473109
1.482146
1.491182
1.486018
1.479564
1.462781
1.448580
1.442125
1.445998
1.445998
1.452453
1.457617
1.470527
1.483437
1.488600
1.491182
1.495055
1.500219
1.479564
1.451162
1.430506
1.420178
1.426633
1.439543
1.453744
1.474400
1.479564
1.482146
1.482146
1.480855
1.480855
1.478273
1.486018
1.479564
1.474400
1.460199
1.455035
1.464072
1.464072
1.464072
1.464072
1.474400
1.475691
1.486018
1.496346
1.496346
1.493764
1.484728
1.479564
1.482146
1.489891
1.498928
1.492473
1.500219
1.500219
1.501510
1.476982
1.453744
1.443416
1.440834
1.449871
1.449871
1.448580
1.460199
1.456326
1.456326
1.444707
1.440834
1.451162
1.465363
1.476982
1.480855
1.498928
1.497637
1.501510
1.504092
1.498928
1.498928
1.488600
1.488600
1.488600
1.478273
1.479564
1.475691
1.478273
1.478273
1.480855
1.475691
1.465363
1.461490
1.460199
1.458908
1.464072
1.476982
1.488600
1.497637
1.506674
1.497637
1.488600
1.479564
1.474400
1.471818
1.457617
1.453744
1.470527
1.470527
1.471818
1.456326
1.440834
1.430506
1.434379
1.440834
1.455035
1.466654
1.449871
1.435670
1.418887
1.417596
1.421469
1.420178
1.429215
1.435670
1.438252
1.456326
1.471818
1.495055
1.511838
1.520875
1.524748
1.524748
1.527330
1.506674
1.497637
1.476982
1.470527
1.471818
1.471818
1.469236
1.457617
1.461490
1.470527
1.484728
1.488600
1.475691
1.474400
1.470527
1.471818
1.474400
1.470527
1.483437
1.492473
1.501510
1.488600
1.487309
1.479564
1.473109
1.470527
1.469236
1.470527
1.456326
1.452453
1.462781
1.482146
1.491182
1.486018
1.476982
1.480855
1.486018
1.474400
1.456326
1.453744
1.451162
1.440834
1.438252
1.429215
1.435670
1.452453
1.460199
1.478273
1.486018
1.502801
1.505383
1.498928
