1.444707
1.453744
1.434379
1.436961
1.447289
1.420178
1.439543
1.447289
1.427924
1.434379
1.422760
1.434379
1.438252
1.429215
1.447289
1.435670
1.455035
1.438252
1.443416
1.449871
1.440834
1.433088
1.443416
1.431797
1.449871
1.436961
1.455035
1.435670
1.447289
1.429215
1.449871
1.442125
1.433088
1.418887
1.442125
1.433088
1.430506
1.439543
1.436961
1.448580
1.440834
1.445998
1.442125
1.442125
1.453744
1.431797
1.440834
1.433088
1.435670
1.417596
1.435670
1.464072
1.436961
1.440834
1.436961
1.440834
1.436961
1.438252
1.420178
1.431797
1.460199
1.439543
1.466654
1.440834
1.460199
1.442125
1.465363
1.442125
1.455035
1.440834
1.438252
1.436961
1.417596
1.436961
1.426633
1.436961
1.433088
1.431797
1.412432
1.438252
1.418887
1.433088
1.440834
1.438252
1.457617
1.438252
1.462781
1.440834
1.433088
1.431797
1.435670
1.433088
1.436961
1.430506
1.438252
1.442125
1.461490
1.444707
1.440834
1.426633
1.444707
1.431797
1.442125
1.421469
1.439543
1.447289
1.439543
1.411141
1.439543
1.431797
1.436961
1.431797
1.438252
1.435670
1.434379
1.429215
1.431797
1.429215
1.433088
1.433088
1.425342
1.424051
1.436961
1.465363
1.444707
1.467945
1.443416
1.439543
1.436961
1.439543
1.443416
1.440834
1.443416
1.424051
1.440834
1.442125
1.449871
1.439543
1.440834
1.460199
1.440834
1.434379
1.458908
1.436961
1.439543
1.439543
1.461490
1.436961
1.435670
1.457617
1.438252
1.429215
1.435670
1.430506
1.438252
1.440834
1.427924
1.440834
1.433088
1.438252
1.452453
1.439543
1.445998
1.435670
1.440834
1.465363
1.439543
1.442125
1.461490
1.439543
1.440834
1.466654
1.439543
1.431797
1.451162
1.429215
1.426633
1.457617
1.439543
1.439543
1.421469
1.445998
1.453744
1.431797
1.440834
1.435670
1.438252
1.440834
1.438252
1.452453
1.443416
1.445998
1.436961
1.440834
1.464072
1.436961
1.449871
1.436961
1.439543
1.418887
1.424051
1.412432
1.433088
1.417596
1.440834
1.458908
1.442125
1.456326
1.444707
1.438252
1.413723
1.438252
1.422760
1.425342
1.422760
1.434379
1.429215
1.433088
1.444707
1.440834
1.425342
1.443416
1.430506
1.443416
1.444707
1.436961
1.452453
1.433088
1.439543
1.424051
1.442125
1.439543
1.438252
1.443416
1.452453
1.440834
1.456326
1.440834
1.452453
1.439543
1.431797
1.436961
1.445998
1.436961
1.449871
1.430506
1.439543
1.418887
1.435670
1.416305
1.434379
1.462781
1.435670
1.438252
1.421469
1.436961
1.429215
1.440834
1.429215
1.442125
1.448580
1.442125
1.465363
1.442125
1.455035
1.438252
1.444707
1.438252
1.465363
1.431797
1.429215
1.434379
1.421469
1.440834
1.438252
1.462781
1.438252
1.424051
1.444707
1.443416
1.464072
1.439543
1.433088
1.449871
1.438252
1.452453
1.439543
1.420178
1.439543
1.422760
1.436961
1.455035
1.436961
1.439543
1.460199
1.436961
1.465363
1.439543
1.431797
1.448580
1.438252
1.438252
1.442125
1.412432
1.440834
1.440834
1.464072
1.442125
1.443416
1.451162
1.445998
1.440834
1.457617
1.438252
1.439543
1.460199
1.435670
1.435670
1.439543
1.461490
1.436961
1.436961
1.439543
1.429215
1.435670
1.438252
1.470527
1.443416
1.444707
1.453744
1.422760
1.439543
1.439543
1.464072
1.427924
1.442125
1.445998
1.422760
1.440834
1.443416
1.458908
1.435670
1.433088
1.440834
1.464072
1.436961
1.436961
1.417596
1.433088
1.418887
1.426633
1.447289
1.429215
1.433088
1.451162
1.440834
1.467945
1.440834
1.467945
1.439543
1.451162
1.438252
1.440834
1.430506
1.440834
1.464072
1.434379
1.435670
1.425342
1.433088
1.458908
1.433088
1.433088
1.415014
1.436961
1.422760
1.429215
1.455035
1.439543
1.445998
1.424051
1.442125
1.424051
1.438252
1.440834
1.427924
1.436961
1.455035
1.426633
1.435670
1.431797
1.433088
1.438252
1.434379
1.438252
1.434379
1.439543
1.438252
1.436961
1.434379
1.424051
1.439543
1.433088
1.440834
1.435670
1.445998
1.425342
1.447289
1.439543
1.444707
1.425342
1.442125
1.436961
1.427924
1.451162
1.435670
1.465363
1.439543
1.464072
1.440834
1.447289
1.421469
1.426633
1.452453
1.434379
1.443416
1.424051
1.436961
1.440834
1.451162
1.435670
1.434379
1.462781
1.438252
1.443416
1.457617
1.442125
1.436961
1.418887
1.438252
1.455035
1.433088
1.429215
1.427924
1.438252
1.453744
1.436961
1.421469
1.438252
1.434379
1.433088
1.427924
1.440834
1.434379
1.461490
1.436961
1.452453
1.436961
1.445998
1.440834
1.442125
1.430506
1.440834
1.453744
1.442125
1.458908
1.442125
1.440834
1.461490
1.438252
1.443416
1.433088
1.439543
1.458908
1.426633
1.451162
1.434379
1.440834
1.447289
1.430506
1.449871
1.439543
1.464072
1.443416
1.462781
1.440834
1.467945
1.439543
1.457617
1.433088
1.442125
1.438252
1.434379
1.431797
1.435670
1.422760
1.435670
1.415014
1.435670
1.452453
1.434379
1.435670
1.469236
1.445998
1.452453
1.444707
1.443416
1.451162
1.431797
1.429215
1.443416
1.429215
1.436961
1.416305
1.442125
1.436961
1.453744
1.436961
1.438252
1.458908
1.442125
1.448580
1.431797
1.442125
1.442125
1.447289
1.442125
1.443416
1.422760
1.442125
1.466654
1.438252
1.436961
1.429215
1.436961
1.451162
1.427924
1.443416
1.436961
1.439543
1.426633
1.439543
1.462781
1.440834
1.460199
1.436961
1.433088
1.431797
1.461490
1.442125
1.443416
1.445998
1.439543
1.434379
1.424051
1.433088
1.425342
1.461490
1.426633
1.418887
1.436961
1.435670
1.434379
1.438252
1.439543
1.443416
1.438252
1.460199
1.434379
1.462781
1.443416
1.444707
1.440834
1.449871
1.440834
1.430506
1.442125
1.425342
1.443416
1.466654
1.440834
1.449871
1.438252
1.435670
1.431797
1.439543
1.431797
1.438252
1.457617
1.435670
1.455035
1.440834
1.440834
1.421469
1.439543
1.447289
1.436961
1.439543
1.440834
1.467945
1.439543
1.438252
1.418887
1.438252
1.461490
1.433088
1.427924
1.418887
1.430506
1.438252
1.469236
1.427924
1.439543
1.440834
1.440834
1.429215
1.433088
1.462781
1.436961
1.439543
1.455035
1.442125
1.443416
1.456326
1.448580
1.433088
1.438252
1.439543
1.438252
1.440834
1.452453
1.439543
1.436961
1.435670
1.452453
1.424051
1.436961
1.439543
1.456326
1.462781
1.438252
1.439543
1.439543
1.443416
1.425342
1.443416
1.443416
1.452453
1.429215
1.435670
1.440834
1.453744
1.435670
1.436961
1.451162
1.413723
1.427924
1.430506
1.444707
1.413723
1.434379
1.445998
1.421469
1.443416
1.442125
1.424051
1.434379
1.440834
1.444707
1.449871
1.464072
1.417596
1.443416
1.439543
1.435670
1.436961
1.466654
1.424051
1.434379
1.438252
1.438252
1.430506
1.435670
1.445998
1.434379
1.434379
1.456326
1.422760
1.439543
1.436961
1.451162
1.424051
1.433088
1.440834
1.422760
1.440834
1.433088
1.461490
1.439543
1.439543
1.467945
1.438252
1.434379
1.449871
1.436961
1.440834
1.417596
1.435670
1.464072
1.438252
1.436961
1.435670
1.433088
1.461490
1.438252
1.443416
1.458908
1.431797
1.433088
1.438252
1.416305
1.436961
1.439543
1.433088
1.442125
1.448580
1.431797
1.438252
1.458908
1.424051
1.431797
1.460199
1.436961
1.435670
1.409851
1.435670
1.447289
1.436961
1.443416
1.439543
1.467945
1.442125
1.442125
1.453744
1.429215
1.431797
1.421469
1.440834
1.462781
1.424051
1.444707
1.457617
1.429215
1.436961
1.439543
1.462781
1.439543
1.440834
1.445998
1.436961
1.435670
1.444707
1.438252
1.448580
1.430506
1.430506
1.429215
1.436961
1.433088
1.431797
1.462781
1.438252
1.440834
1.429215
1.440834
1.453744
1.424051
1.429215
1.434379
1.460199
1.440834
1.467945
1.440834
1.469236
1.442125
1.460199
1.431797
1.467945
1.442125
1.452453
1.430506
1.436961
1.422760
1.433088
1.416305
1.434379
1.449871
1.422760
1.436961
1.465363
1.439543
1.431797
1.452453
1.436961
1.443416
1.425342
1.436961
1.464072
1.439543
1.438252
1.461490
1.435670
1.443416
1.445998
1.438252
1.438252
1.455035
1.438252
1.438252
1.435670
1.436961
1.434379
1.436961
1.438252
1.440834
1.440834
1.451162
1.435670
1.461490
1.439543
1.431797
1.408560
1.440834
1.439543
1.424051
1.438252
1.466654
1.438252
1.440834
1.439543
1.442125
1.455035
1.436961
1.445998
1.456326
1.443416
1.444707
1.430506
1.434379
1.453744
1.418887
1.434379
1.449871
1.436961
1.447289
1.438252
1.436961
1.435670
1.438252
1.436961
1.434379
1.411141
1.436961
1.462781
1.439543
1.445998
1.431797
1.438252
1.457617
1.436961
1.440834
1.429215
1.451162
1.439543
1.453744
1.442125
1.435670
1.418887
1.431797
1.451162
1.442125
1.471818
1.447289
1.452453
1.424051
1.440834
1.439543
1.438252
1.467945
1.440834
1.452453
1.433088
1.436961
1.462781
1.440834
1.434379
1.453744
1.442125
1.443416
1.420178
1.439543
1.440834
1.465363
1.436961
1.438252
1.436961
1.457617
1.438252
1.433088
1.457617
1.431797
1.433088
1.458908
1.439543
1.442125
1.411141
1.442125
1.457617
1.417596
1.440834
1.461490
1.425342
1.434379
1.429215
1.434379
1.443416
1.438252
1.443416
1.456326
1.443416
1.443416
1.465363
1.422760
1.436961
1.442125
1.416305
1.430506
1.447289
1.433088
1.443416
1.424051
1.431797
1.460199
1.442125
1.444707
1.464072
1.442125
1.442125
1.448580
1.440834
1.445998
1.415014
1.435670
1.439543
1.464072
1.431797
1.436961
1.453744
1.436961
1.436961
1.455035
1.430506
1.433088
1.452453
1.438252
1.430506
1.458908
1.438252
1.438252
1.453744
1.443416
1.445998
1.467945
1.443416
1.465363
1.438252
1.462781
1.439543
1.462781
1.434379
1.458908
1.438252
1.439543
1.433088
1.436961
1.461490
1.444707
1.445998
1.434379
1.440834
1.443416
1.442125
1.458908
1.442125
1.434379
1.440834
1.435670
1.455035
1.429215
1.436961
1.435670
1.449871
1.438252
1.429215
1.457617
1.438252
1.439543
1.456326
1.434379
1.434379
1.434379
1.438252
1.434379
1.445998
1.443416
1.440834
1.465363
1.443416
1.443416
1.462781
1.438252
1.440834
1.442125
1.442125
1.433088
1.465363
1.438252
1.434379
1.435670
1.438252
1.435670
1.435670
1.445998
1.436961
1.445998
1.433088
1.416305
1.431797
1.411141
1.436961
1.460199
1.442125
1.452453
1.442125
1.438252
1.426633
1.431797
1.462781
1.438252
1.438252
1.424051
1.440834
1.467945
1.442125
1.443416
1.453744
1.442125
1.460199
1.434379
1.435670
1.464072
1.440834
1.436961
1.462781
1.436961
1.436961
1.417596
1.436961
1.462781
1.440834
1.443416
1.420178
1.434379
1.408560
1.433088
1.447289
1.435670
1.455035
1.435670
1.438252
1.456326
1.429215
1.435670
1.417596
1.439543
1.456326
1.434379
1.442125
1.458908
1.426633
1.435670
1.449871
1.420178
1.439543
1.447289
1.418887
1.433088
1.449871
1.439543
1.439543
1.424051
1.435670
1.433088
1.436961
1.440834
1.416305
1.440834
1.458908
1.444707
1.444707
1.421469
1.431797
1.442125
1.434379
1.465363
1.443416
1.460199
1.440834
1.438252
1.460199
1.438252
1.456326
1.436961
1.438252
1.435670
1.439543
1.438252
1.445998
1.434379
1.442125
1.442125
1.440834
1.456326
1.442125
1.466654
1.438252
1.460199
1.422760
1.453744
1.435670
1.439543
1.411141
1.430506
1.452453
1.425342
1.443416
1.469236
1.449871
1.443416
1.424051
1.435670
1.425342
1.443416
1.436961
1.436961
1.444707
1.436961
1.436961
1.431797
1.440834
1.470527
1.442125
1.445998
1.443416
1.443416
1.443416
1.466654
1.431797
1.445998
1.434379
1.436961
1.436961
1.440834
1.434379
1.436961
1.433088
1.433088
1.433088
1.440834
1.435670
1.438252
1.440834
1.457617
1.440834
1.458908
1.435670
1.456326
1.438252
1.455035
1.438252
1.424051
1.438252
1.426633
1.440834
1.453744
1.439543
1.444707
1.434379
1.433088
1.440834
1.422760
1.438252
1.457617
1.424051
1.440834
1.443416
1.421469
1.434379
1.456326
1.433088
1.431797
1.444707
1.442125
1.442125
1.416305
1.439543
1.442125
1.434379
1.440834
1.438252
1.461490
1.431797
1.440834
1.439543
1.439543
1.435670
1.442125
1.422760
1.431797
1.449871
1.433088
1.444707
1.425342
1.436961
1.438252
1.439543
1.438252
1.443416
1.431797
1.436961
1.434379
1.453744
1.434379
1.434379
1.456326
1.421469
1.445998
1.448580
1.475691
1.427924
1.444707
1.447289
1.434379
1.442125
1.442125
1.438252
1.456326
1.417596
1.436961
1.439543
1.438252
1.462781
1.429215
1.434379
1.440834
1.453744
1.436961
1.438252
1.462781
1.422760
1.439543
1.430506
1.448580
1.438252
1.444707
1.444707
1.464072
1.433088
1.435670
1.449871
1.429215
1.430506
1.457617
1.436961
1.442125
1.426633
1.440834
1.456326
1.438252
1.434379
1.425342
1.433088
1.431797
1.435670
1.417596
1.434379
1.434379
1.456326
1.434379
1.444707
1.438252
1.422760
1.439543
1.425342
1.445998
1.442125
1.444707
1.455035
1.439543
1.458908
1.442125
1.436961
1.430506
1.435670
1.453744
1.439543
1.456326
1.438252
1.452453
1.439543
1.458908
1.436961
1.461490
1.440834
1.464072
1.439543
1.451162
1.436961
1.456326
1.438252
1.451162
1.429215
1.453744
1.429215
1.438252
1.442125
1.433088
1.442125
1.440834
1.445998
1.442125
1.455035
1.434379
1.456326
1.436961
1.444707
1.433088
1.438252
1.442125
1.438252
1.455035
1.439543
1.448580
1.436961
1.439543
1.434379
1.438252
1.422760
1.429215
1.461490
1.435670
1.466654
1.443416
1.447289
1.413723
1.434379
1.417596
1.438252
1.421469
1.436961
1.425342
1.444707
1.470527
1.440834
1.444707
1.455035
1.438252
1.470527
1.444707
1.456326
1.436961
1.442125
1.462781
1.433088
1.442125
1.429215
1.431797
1.412432
1.434379
1.458908
1.434379
1.433088
1.449871
1.427924
1.439543
1.434379
1.440834
1.466654
1.430506
1.434379
1.415014
1.442125
1.461490
1.440834
1.442125
1.460199
1.425342
1.440834
1.440834
1.421469
1.436961
1.448580
1.443416
1.431797
1.439543
1.452453
1.431797
1.440834
1.433088
1.458908
1.433088
1.434379
1.433088
1.435670
1.440834
1.466654
1.430506
1.438252
1.448580
1.460199
1.436961
1.444707
1.442125
1.457617
1.429215
1.440834
1.451162
1.438252
1.444707
1.425342
1.438252
1.411141
1.438252
1.460199
1.427924
1.440834
1.452453
1.444707
1.442125
1.442125
1.466654
1.436961
1.436961
1.449871
1.427924
1.440834
1.440834
1.425342
1.434379
1.434379
1.442125
1.439543
1.436961
1.429215
1.430506
1.434379
1.412432
1.429215
1.430506
1.442125
1.435670
1.439543
1.464072
1.434379
1.434379
1.440834
1.457617
1.429215
1.440834
1.442125
1.448580
1.453744
1.439543
1.439543
1.465363
1.422760
1.435670
1.435670
1.415014
1.435670
1.434379
1.443416
1.444707
1.438252
1.436961
1.440834
1.434379
1.440834
1.447289
1.422760
1.434379
1.465363
1.439543
1.440834
1.453744
1.431797
1.436961
1.427924
1.436961
1.435670
1.416305
1.429215
1.421469
1.433088
1.455035
1.434379
1.449871
1.443416
1.445998
1.471818
1.448580
1.447289
1.417596
1.435670
1.453744
1.440834
1.431797
1.456326
1.435670
1.434379
1.458908
1.426633
1.430506
1.433088
1.439543
1.458908
1.442125
1.436961
1.425342
1.431797
1.449871
1.431797
1.433088
1.418887
1.439543
1.462781
1.435670
1.434379
1.448580
1.430506
1.431797
1.445998
1.440834
1.444707
1.435670
1.445998
1.444707
1.455035
1.440834
1.440834
1.431797
1.436961
1.465363
1.435670
1.436961
1.465363
1.429215
1.445998
1.438252
1.440834
1.426633
1.438252
1.448580
1.442125
1.470527
1.444707
1.455035
1.444707
1.445998
1.442125
1.443416
1.435670
1.448580
1.435670
1.447289
1.433088
1.449871
1.435670
1.453744
1.434379
1.442125
1.436961
1.442125
1.424051
1.440834
1.452453
1.445998
1.452453
1.431797
1.445998
1.447289
1.442125
1.470527
1.439543
1.460199
1.435670
1.436961
1.430506
1.429215
1.424051
1.438252
1.461490
1.440834
1.440834
1.416305
1.436961
1.421469
1.442125
1.430506
1.442125
1.422760
1.442125
1.436961
1.433088
1.429215
1.439543
1.455035
1.431797
1.439543
1.460199
1.442125
1.467945
1.433088
1.438252
1.453744
1.421469
1.430506
1.438252
1.425342
1.436961
1.430506
1.407269
1.435670
1.435670
1.430506
1.435670
1.440834
1.436961
1.442125
1.425342
1.435670
1.445998
1.422760
1.431797
1.442125
1.474400
1.443416
1.442125
1.455035
1.439543
1.440834
1.462781
1.439543
1.439543
1.457617
1.422760
1.440834
1.457617
1.426633
1.429215
1.456326
1.426633
1.438252
1.458908
1.431797
1.442125
1.445998
1.476982
1.439543
1.443416
1.444707
1.458908
1.433088
1.435670
1.460199
1.426633
1.436961
1.466654
1.439543
1.433088
1.421469
1.440834
1.461490
1.433088
1.438252
1.458908
1.435670
1.442125
1.458908
1.439543
1.440834
1.418887
1.439543
1.449871
1.436961
1.430506
1.430506
1.438252
1.439543
1.422760
1.436961
1.464072
1.439543
1.444707
1.424051
1.440834
1.452453
1.427924
1.438252
1.458908
1.442125
1.439543
1.429215
1.444707
1.452453
1.440834
1.465363
1.434379
1.453744
1.439543
1.442125
1.422760
1.436961
1.438252
1.418887
1.439543
1.451162
1.443416
1.462781
1.440834
1.440834
1.438252
1.416305
1.433088
1.439543
1.435670
1.438252
1.467945
1.442125
1.442125
1.456326
1.435670
1.435670
1.461490
1.436961
1.435670
1.453744
1.434379
1.434379
1.429215
1.433088
1.429215
1.435670
1.451162
1.440834
1.460199
1.426633
1.442125
1.462781
1.438252
1.438252
1.453744
1.430506
1.436961
1.464072
1.422760
1.436961
1.451162
1.436961
1.439543
1.456326
1.438252
1.435670
1.427924
1.438252
1.442125
1.427924
1.445998
1.443416
1.434379
1.445998
1.467945
1.439543
1.438252
1.465363
1.439543
1.438252
1.458908
1.430506
1.436961
1.443416
1.417596
1.434379
1.443416
1.420178
1.425342
1.431797
1.427924
1.434379
1.451162
1.435670
1.436961
1.457617
1.436961
1.439543
1.464072
1.433088
1.442125
1.444707
1.464072
1.444707
1.447289
1.451162
1.458908
1.445998
1.438252
1.466654
1.435670
1.436961
1.438252
1.439543
1.431797
1.427924
1.456326
1.426633
1.436961
1.461490
1.429215
1.439543
1.461490
1.439543
1.444707
1.427924
1.435670
1.461490
1.438252
1.439543
1.447289
1.438252
1.440834
1.430506
1.438252
1.458908
1.442125
1.436961
1.460199
1.436961
1.436961
1.420178
1.438252
1.457617
1.433088
1.448580
1.435670
1.448580
1.434379
1.436961
1.456326
1.433088
1.438252
1.462781
1.442125
1.440834
1.465363
1.439543
1.440834
1.443416
1.436961
1.438252
1.424051
1.431797
1.455035
1.430506
1.452453
1.434379
1.439543
1.465363
1.433088
1.444707
1.471818
1.439543
1.439543
1.455035
1.435670
1.431797
1.436961
1.461490
1.442125
1.422760
1.442125
1.471818
1.443416
1.460199
1.443416
1.436961
1.422760
1.430506
1.417596
1.436961
1.416305
1.434379
1.452453
1.430506
1.444707
1.438252
1.466654
1.442125
1.444707
1.426633
1.435670
1.465363
1.442125
1.447289
1.435670
1.440834
1.462781
1.439543
1.443416
1.467945
1.439543
1.435670
1.436961
1.434379
1.442125
1.426633
1.434379
1.438252
1.455035
1.431797
1.433088
1.447289
1.420178
1.436961
1.433088
1.444707
1.439543
1.440834
1.448580
1.436961
1.434379
1.455035
1.436961
1.435670
1.461490
1.434379
1.433088
1.458908
1.439543
1.443416
1.456326
1.444707
1.440834
1.426633
1.434379
1.439543
1.420178
1.439543
1.436961
1.433088
1.433088
1.443416
1.424051
1.442125
1.449871
1.421469
1.436961
1.444707
1.444707
1.444707
1.440834
1.438252
1.443416
1.434379
1.438252
1.424051
1.436961
1.417596
1.443416
1.458908
1.440834
1.452453
1.436961
1.429215
1.407269
1.435670
1.444707
1.417596
1.429215
1.457617
1.436961
1.447289
1.426633
1.438252
1.433088
1.442125
1.436961
1.440834
1.456326
1.443416
1.466654
1.435670
1.417596
1.439543
1.435670
1.438252
1.430506
1.435670
1.447289
1.413723
1.434379
1.458908
1.438252
1.438252
1.445998
1.438252
1.460199
1.440834
1.436961
1.427924
1.435670
1.424051
1.436961
1.427924
1.443416
1.470527
1.443416
1.442125
1.438252
1.439543
1.447289
1.435670
1.447289
1.425342
1.434379
1.429215
1.431797
1.424051
1.438252
1.442125
1.453744
1.438252
1.449871
1.434379
1.418887
1.439543
1.426633
1.444707
1.453744
1.434379
1.415014
1.435670
1.433088
1.440834
1.440834
1.430506
1.425342
1.440834
1.421469
1.439543
1.439543
1.439543
1.465363
1.438252
1.462781
1.438252
1.442125
1.436961
1.444707
1.431797
1.464072
1.439543
1.445998
1.418887
1.445998
1.465363
1.440834
1.435670
1.453744
1.436961
1.453744
1.442125
1.443416
1.471818
1.444707
1.452453
1.422760
1.440834
1.456326
1.433088
1.443416
1.438252
1.438252
1.457617
1.438252
1.440834
1.421469
1.440834
1.438252
1.422760
1.443416
1.455035
1.422760
1.431797
1.435670
1.413723
1.427924
1.436961
1.460199
1.433088
1.440834
1.440834
1.457617
1.438252
1.439543
1.443416
1.447289
1.439543
1.430506
1.435670
1.418887
1.431797
1.436961
1.456326
1.438252
1.438252
1.452453
1.422760
1.442125
1.443416
1.438252
1.439543
1.455035
1.439543
1.456326
1.440834
1.440834
1.447289
1.438252
1.438252
1.424051
1.431797
1.429215
1.425342
1.440834
1.422760
1.439543
1.453744
1.429215
1.440834
1.457617
1.422760
1.436961
1.443416
1.429215
1.438252
1.443416
1.439543
1.445998
1.436961
1.436961
1.457617
1.442125
1.457617
1.425342
1.435670
1.471818
1.443416
1.436961
1.466654
1.443416
1.443416
1.427924
1.444707
1.455035
1.442125
1.433088
1.461490
1.435670
1.430506
1.452453
1.435670
1.448580
1.451162
1.456326
1.470527
1.445998
1.442125
1.444707
1.451162
1.435670
1.434379
1.443416
1.430506
1.427924
1.448580
1.403396
1.431797
1.431797
1.456326
1.415014
1.435670
1.439543
1.466654
1.436961
1.438252
1.453744
1.427924
1.434379
1.448580
1.424051
1.439543
1.430506
1.443416
1.460199
1.421469
1.436961
1.430506
1.457617
1.433088
1.434379
1.457617
1.436961
1.438252
1.461490
1.438252
1.439543
1.462781
1.431797
1.439543
1.465363
1.425342
1.433088
1.444707
1.427924
1.439543
1.440834
1.465363
1.436961
1.436961
1.443416
1.452453
1.440834
1.438252
1.464072
1.439543
1.442125
1.471818
1.436961
1.440834
1.466654
1.436961
1.449871
1.436961
1.420178
1.439543
1.417596
1.438252
1.431797
1.439543
1.457617
1.438252
1.455035
1.440834
1.470527
1.442125
1.466654
1.442125
1.458908
1.442125
1.456326
1.439543
1.444707
1.439543
1.443416
1.429215
1.448580
1.439543
1.464072
1.436961
1.457617
1.438252
1.462781
1.436961
1.442125
1.429215
1.438252
1.434379
1.436961
1.460199
1.433088
1.434379
1.421469
1.430506
1.457617
1.438252
1.466654
1.442125
1.451162
1.436961
1.470527
1.440834
1.425342
1.439543
1.436961
1.443416
1.461490
1.427924
1.439543
1.421469
1.440834
1.426633
1.438252
1.465363
1.442125
1.455035
1.434379
1.435670
1.466654
1.436961
1.429215
1.430506
1.433088
1.458908
1.435670
1.460199
1.434379
1.429215
1.429215
1.434379
1.461490
1.433088
1.434379
1.464072
1.435670
1.439543
1.462781
1.438252
1.439543
1.424051
1.435670
1.455035
1.434379
1.455035
1.435670
1.440834
1.451162
1.431797
1.445998
1.444707
1.467945
1.429215
1.445998
1.445998
1.467945
1.439543
1.439543
1.447289
1.433088
1.429215
1.430506
1.433088
1.456326
1.434379
1.434379
1.461490
1.435670
1.429215
1.458908
1.438252
1.465363
1.439543
1.439543
1.455035
1.443416
1.458908
1.431797
1.439543
1.456326
1.422760
1.433088
1.442125
1.418887
1.440834
1.440834
1.460199
1.435670
1.430506
1.455035
1.434379
1.438252
1.469236
1.436961
1.440834
1.445998
1.417596
1.436961
1.457617
1.425342
1.439543
1.465363
1.439543
1.439543
1.457617
1.407269
1.431797
1.457617
1.433088
1.451162
1.430506
1.443416
1.438252
1.455035
1.440834
1.434379
1.411141
1.440834
1.456326
1.436961
1.442125
1.430506
1.435670
1.427924
1.430506
1.426633
1.435670
1.424051
1.444707
1.465363
1.442125
1.465363
1.434379
1.453744
1.433088
1.440834
1.425342
1.436961
1.465363
1.434379
1.439543
1.439543
1.436961
1.433088
1.453744
1.435670
1.442125
1.443416
1.456326
1.439543
1.440834
1.465363
1.422760
1.443416
1.447289
1.436961
1.443416
1.442125
1.434379
1.435670
1.433088
1.464072
1.439543
1.436961
1.461490
1.436961
1.436961
1.460199
1.421469
1.435670
1.452453
1.425342
1.424051
1.436961
1.424051
1.443416
