1.327752
1.336770
1.332905
1.335482
1.359960
1.372844
1.374132
1.370267
1.368979
1.356095
1.383151
1.414071
1.403764
1.417936
1.423089
1.379286
1.366402
1.344500
1.357384
1.374132
1.365114
1.353519
1.358672
1.379286
1.416648
1.446280
1.464317
1.444991
1.410206
1.389592
1.365114
1.365114
1.339347
1.289101
1.286525
1.287813
1.301985
1.269776
1.298120
1.286525
1.291678
1.311003
1.327752
1.348365
1.384439
1.389592
1.406341
1.433396
1.420513
1.397323
1.393457
1.402476
1.358672
1.336770
1.339347
1.356095
1.363825
1.375421
1.406341
1.443703
1.457875
1.448856
1.438550
1.429531
1.419224
1.408918
1.358672
1.349654
1.393457
1.419224
1.399899
1.387016
1.341924
1.323887
1.308427
1.308427
1.320022
1.312292
1.329040
1.363825
1.356095
1.359960
1.347077
1.352230
1.340635
1.354807
1.357384
1.359960
1.390881
1.408918
1.407629
1.424378
1.452721
1.442415
1.425666
1.415359
1.423089
1.416648
1.417936
1.435973
1.437261
1.437261
1.406341
1.397323
1.357384
1.349654
1.359960
1.401188
1.368979
1.332905
1.332905
1.343212
1.362537
1.317445
1.320022
1.287813
1.276218
1.295543
1.320022
1.339347
1.350942
1.362537
1.354807
1.376709
1.379286
1.397323
1.415359
1.408918
1.407629
1.376709
1.350942
1.345789
1.335482
1.376709
1.383151
1.408918
1.407629
1.414071
1.415359
1.361249
1.331617
1.334193
1.314868
1.314868
1.350942
1.393457
1.420513
1.433396
1.411494
1.435973
1.432108
1.388304
1.365114
1.359960
1.352230
1.345789
1.334193
1.327752
1.311003
1.281371
1.277506
1.271064
1.268488
1.295543
1.339347
1.336770
1.350942
1.392169
1.403764
1.432108
1.450145
1.452721
1.438550
1.430820
1.396034
1.385727
1.374132
1.381862
1.361249
1.344500
1.347077
1.353519
1.343212
1.350942
1.352230
1.375421
1.388304
1.423089
1.473335
1.490084
1.484930
1.461740
1.447568
1.410206
1.341924
1.325175
1.321310
1.334193
1.387016
1.374132
1.359960
1.320022
1.318733
1.345789
1.366402
1.384439
1.392169
1.407629
1.419224
1.379286
1.361249
1.370267
1.370267
1.399899
1.385727
1.372844
1.358672
1.343212
1.359960
1.392169
1.372844
1.392169
1.403764
1.407629
1.358672
1.383151
1.406341
1.421801
1.432108
1.448856
1.452721
1.428243
1.415359
1.374132
1.354807
1.347077
1.344500
1.340635
1.362537
1.367691
1.367691
1.359960
1.357384
1.374132
1.376709
1.362537
1.377997
1.388304
1.375421
1.350942
1.353519
1.341924
1.329040
1.334193
1.347077
1.367691
1.375421
1.411494
1.397323
1.403764
1.393457
1.366402
1.341924
1.348365
1.365114
1.361249
1.341924
1.344500
1.366402
1.357384
1.358672
1.396034
1.374132
1.365114
1.339347
1.335482
1.321310
1.316157
1.308427
1.327752
1.313580
1.329040
1.374132
1.393457
1.421801
1.384439
1.381862
1.362537
1.357384
1.353519
1.345789
1.348365
1.359960
1.362537
1.352230
1.335482
1.316157
1.320022
1.322598
1.327752
1.347077
1.394746
1.408918
1.408918
1.438550
1.442415
1.442415
1.420513
1.417936
1.425666
1.388304
1.406341
1.420513
1.444991
1.439838
1.414071
1.362537
1.347077
1.331617
1.318733
1.348365
1.385727
1.398611
1.394746
1.394746
1.405053
1.389592
1.393457
1.398611
1.394746
1.389592
1.383151
1.392169
1.399899
1.414071
1.419224
1.385727
1.356095
1.347077
1.325175
1.304562
1.317445
1.301985
1.296831
1.318733
1.339347
1.345789
1.359960
1.384439
1.381862
1.407629
1.383151
1.362537
1.320022
1.320022
1.341924
1.359960
1.372844
1.401188
1.385727
1.380574
1.377997
1.384439
1.368979
1.377997
1.376709
1.387016
1.425666
1.432108
1.443703
1.437261
1.407629
1.375421
1.358672
1.353519
1.340635
1.327752
1.313580
1.331617
1.307138
1.322598
1.317445
1.292966
1.283948
1.301985
1.312292
1.332905
1.347077
1.350942
1.376709
1.416648
1.417936
1.421801
1.423089
1.426955
1.421801
1.408918
1.407629
1.375421
1.354807
1.365114
1.365114
1.350942
1.362537
1.365114
1.367691
1.379286
1.381862
1.396034
1.393457
1.376709
1.365114
1.379286
1.344500
1.330328
1.343212
1.354807
1.371556
1.371556
1.410206
1.444991
1.456587
1.451433
1.429531
1.425666
1.383151
1.358672
1.307138
1.271064
1.277506
1.271064
1.296831
1.344500
1.335482
1.325175
1.323887
1.367691
1.379286
1.433396
1.435973
1.479777
1.481065
1.457875
1.425666
1.425666
1.416648
1.380574
1.330328
1.307138
1.298120
1.322598
1.368979
1.385727
1.393457
1.393457
1.367691
1.376709
1.358672
1.348365
1.343212
1.347077
1.307138
1.316157
1.334193
1.343212
1.359960
1.361249
1.377997
1.366402
1.387016
1.415359
1.429531
1.428243
1.448856
1.460452
1.456587
1.421801
1.371556
1.334193
1.322598
1.301985
1.304562
1.305850
1.332905
1.330328
1.345789
1.385727
1.405053
1.411494
1.394746
1.388304
1.376709
1.375421
1.389592
1.396034
1.387016
1.368979
1.353519
1.347077
1.362537
1.376709
1.348365
1.338059
1.330328
1.347077
1.389592
1.393457
1.415359
1.452721
1.469470
1.459163
1.448856
1.414071
1.406341
1.410206
1.399899
1.384439
1.368979
1.348365
1.348365
1.343212
1.336770
1.329040
1.349654
1.336770
1.339347
1.331617
1.316157
1.325175
1.348365
1.336770
1.348365
1.341924
1.326463
1.316157
1.309715
1.292966
1.325175
1.344500
1.371556
1.403764
1.392169
1.394746
1.405053
1.368979
1.379286
1.370267
1.365114
1.371556
1.376709
1.389592
1.401188
1.415359
1.420513
1.439838
1.406341
1.403764
1.411494
1.421801
1.389592
1.401188
1.377997
1.399899
1.416648
1.408918
1.434685
1.464317
1.442415
1.421801
1.411494
1.370267
1.366402
1.362537
1.375421
1.358672
1.376709
1.388304
1.374132
1.380574
1.361249
1.344500
1.344500
1.345789
1.344500
1.344500
1.357384
1.358672
1.372844
1.392169
1.403764
1.394746
1.365114
1.362537
1.356095
1.367691
1.383151
1.410206
1.407629
1.407629
1.389592
1.359960
1.335482
1.287813
1.277506
1.281371
1.329040
1.370267
1.398611
1.430820
1.459163
1.459163
1.424378
1.392169
1.379286
1.362537
1.345789
1.325175
1.311003
1.294255
1.305850
1.291678
1.322598
1.357384
1.375421
1.380574
1.374132
1.388304
1.372844
1.363825
1.372844
1.336770
1.347077
1.352230
1.374132
1.390881
1.401188
1.390881
1.405053
1.398611
1.416648
1.412783
1.432108
1.455298
1.509409
1.533887
1.496525
1.439838
1.397323
1.354807
1.339347
1.300696
1.301985
1.287813
1.320022
1.311003
1.320022
1.344500
1.339347
1.341924
1.347077
1.352230
1.350942
1.340635
1.307138
1.299408
1.326463
1.349654
1.385727
1.389592
1.396034
1.420513
1.424378
1.420513
1.416648
1.420513
1.444991
1.425666
1.401188
1.388304
1.387016
1.397323
1.388304
1.388304
1.380574
1.349654
1.327752
1.341924
1.331617
1.325175
1.335482
1.322598
1.320022
1.320022
1.316157
1.321310
1.358672
1.371556
1.365114
1.380574
1.375421
1.377997
1.356095
1.363825
1.368979
1.408918
1.452721
1.470758
1.464317
1.479777
1.470758
1.463028
1.447568
1.433396
1.424378
1.433396
1.417936
1.392169
1.375421
1.327752
1.322598
1.329040
1.278795
1.250451
1.241432
1.264623
1.280083
1.301985
1.318733
1.326463
1.327752
1.343212
1.335482
1.331617
1.336770
1.359960
1.362537
1.381862
1.407629
1.428243
1.435973
1.437261
1.415359
1.415359
1.417936
1.399899
1.397323
1.383151
1.368979
1.321310
1.313580
1.331617
1.367691
1.398611
1.417936
1.424378
1.437261
1.443703
1.435973
1.412783
1.384439
1.366402
1.366402
1.367691
1.329040
1.307138
1.335482
1.327752
1.336770
1.347077
1.338059
1.341924
1.322598
1.321310
1.338059
1.325175
1.321310
1.314868
1.321310
1.331617
1.352230
1.380574
1.412783
1.430820
1.438550
1.410206
1.390881
1.393457
1.399899
1.401188
1.390881
1.375421
1.356095
1.352230
1.361249
1.347077
1.323887
1.318733
1.332905
1.340635
1.338059
1.356095
1.368979
1.390881
1.416648
1.419224
1.412783
1.423089
1.392169
1.402476
1.381862
1.397323
1.414071
1.415359
1.383151
1.372844
1.368979
1.365114
1.350942
1.349654
1.352230
1.367691
1.370267
1.363825
1.362537
1.332905
1.329040
1.352230
1.347077
1.347077
1.368979
1.384439
1.384439
1.402476
1.448856
1.475912
1.460452
1.456587
1.425666
1.424378
1.421801
1.416648
1.408918
1.393457
1.362537
1.331617
1.323887
1.296831
1.303273
1.305850
1.326463
1.354807
1.349654
1.344500
1.344500
1.340635
1.354807
1.363825
1.362537
1.354807
1.358672
1.330328
1.326463
1.318733
1.336770
1.354807
1.367691
1.377997
1.361249
1.341924
1.338059
1.341924
1.340635
1.377997
1.403764
1.410206
1.420513
1.420513
1.428243
1.429531
1.423089
1.416648
1.387016
1.374132
1.344500
1.329040
1.344500
1.361249
1.376709
1.347077
1.338059
1.349654
1.349654
1.336770
1.325175
1.330328
1.347077
1.356095
1.368979
1.387016
1.406341
1.432108
1.448856
1.459163
1.466893
1.466893
1.448856
1.426955
1.426955
1.415359
1.414071
1.374132
1.381862
1.384439
1.384439
1.394746
1.361249
1.341924
1.335482
1.344500
1.345789
1.371556
1.392169
1.389592
1.341924
1.331617
1.295543
1.307138
1.314868
1.339347
1.353519
1.357384
1.345789
1.343212
1.357384
1.353519
1.357384
1.348365
1.316157
1.276218
1.295543
1.282660
1.322598
1.343212
1.370267
1.387016
1.366402
1.379286
1.394746
1.405053
1.425666
1.444991
1.423089
1.387016
1.397323
1.406341
1.433396
1.429531
1.420513
1.423089
1.437261
1.429531
1.402476
1.393457
1.370267
1.377997
1.367691
1.387016
1.410206
1.356095
1.358672
1.353519
1.353519
1.336770
1.348365
1.356095
1.374132
1.362537
1.321310
1.316157
1.339347
1.335482
1.350942
1.367691
1.405053
1.397323
1.396034
1.343212
1.329040
1.343212
1.353519
1.365114
1.394746
1.435973
1.456587
1.446280
1.428243
1.429531
1.421801
1.412783
1.402476
1.383151
1.361249
1.367691
1.370267
1.361249
1.317445
1.300696
1.317445
1.313580
1.353519
1.416648
1.437261
1.451433
1.455298
1.444991
1.430820
1.411494
1.387016
1.362537
1.339347
1.352230
1.335482
1.350942
1.316157
1.313580
1.301985
1.338059
1.321310
1.289101
1.309715
1.317445
1.344500
1.393457
1.387016
1.399899
1.420513
1.423089
1.389592
1.380574
1.371556
1.388304
1.412783
1.447568
1.428243
1.417936
1.392169
1.349654
1.340635
1.303273
1.298120
1.299408
1.303273
1.347077
1.372844
1.384439
1.390881
1.379286
1.374132
1.380574
1.390881
1.367691
1.350942
1.339347
1.325175
1.327752
1.335482
1.380574
1.376709
1.389592
1.354807
1.325175
1.313580
1.321310
1.341924
1.354807
1.358672
1.374132
1.393457
1.407629
1.419224
1.444991
1.470758
1.475912
1.478488
1.459163
1.432108
1.430820
1.416648
1.390881
1.371556
1.352230
1.362537
1.336770
1.332905
1.345789
1.383151
1.359960
1.361249
1.345789
1.340635
1.341924
1.350942
1.348365
1.356095
1.368979
1.387016
1.437261
1.424378
1.421801
1.411494
1.393457
1.376709
1.348365
1.327752
1.345789
1.370267
1.390881
1.403764
1.379286
1.392169
1.397323
1.405053
1.423089
1.397323
1.403764
1.420513
1.403764
1.419224
1.420513
1.416648
1.393457
1.368979
1.331617
1.332905
1.314868
1.295543
1.298120
1.276218
1.286525
1.272353
1.274930
1.272353
1.294255
1.271064
1.268488
1.278795
1.274930
1.282660
1.303273
1.312292
1.336770
1.343212
1.381862
1.452721
1.479777
1.513274
1.505544
1.509409
1.500390
1.490084
1.484930
1.435973
1.401188
1.389592
1.380574
1.362537
1.356095
1.366402
1.356095
1.376709
1.381862
1.372844
1.383151
1.408918
1.444991
1.473335
1.423089
1.358672
1.312292
1.268488
1.271064
1.276218
1.280083
1.292966
1.294255
1.317445
1.359960
1.370267
1.390881
1.407629
1.387016
1.399899
1.383151
1.376709
1.385727
1.401188
1.428243
1.406341
1.376709
1.339347
1.334193
1.339347
1.362537
1.392169
1.434685
1.439838
1.424378
1.426955
1.435973
1.425666
1.426955
1.398611
1.349654
1.354807
1.330328
1.316157
1.307138
1.307138
1.304562
1.347077
1.367691
1.383151
1.388304
1.389592
1.374132
1.363825
1.357384
1.358672
1.332905
1.331617
1.352230
1.405053
1.420513
1.412783
1.399899
1.407629
1.406341
1.435973
1.438550
1.415359
1.394746
1.367691
1.361249
1.353519
1.361249
1.366402
1.356095
1.375421
1.402476
1.379286
1.363825
1.356095
1.354807
1.343212
1.357384
1.348365
1.329040
1.340635
1.322598
1.327752
1.341924
1.367691
1.356095
1.365114
1.362537
1.374132
1.383151
1.392169
1.387016
1.389592
1.417936
1.444991
1.448856
1.432108
1.432108
1.424378
1.384439
1.383151
1.356095
1.348365
1.375421
1.384439
1.402476
1.414071
1.381862
1.375421
1.376709
1.354807
1.331617
1.308427
1.313580
1.320022
1.334193
1.345789
1.363825
1.383151
1.374132
1.372844
1.374132
1.397323
1.435973
1.439838
1.429531
1.425666
1.420513
1.399899
1.384439
1.383151
1.392169
1.377997
1.367691
1.359960
1.352230
1.321310
1.294255
1.278795
1.287813
1.291678
1.300696
1.291678
1.311003
1.343212
1.316157
1.322598
1.340635
1.343212
1.353519
1.365114
1.372844
1.407629
1.441126
1.435973
1.411494
1.398611
1.407629
1.377997
1.352230
1.368979
1.379286
1.397323
1.402476
1.393457
1.385727
1.393457
1.392169
1.384439
1.379286
1.397323
1.366402
1.372844
1.344500
1.327752
1.327752
1.300696
1.290390
1.273641
1.280083
1.322598
1.344500
1.368979
1.366402
1.366402
1.399899
1.398611
1.398611
1.423089
1.415359
1.397323
1.390881
1.384439
1.384439
1.372844
1.379286
1.399899
1.403764
1.408918
1.417936
1.401188
1.384439
1.350942
1.349654
1.361249
1.359960
1.334193
1.340635
1.335482
1.353519
1.387016
1.414071
1.442415
1.461740
1.486219
1.477200
1.473335
1.473335
1.448856
1.421801
1.383151
1.365114
1.317445
1.290390
1.262046
1.245298
1.262046
1.283948
1.304562
1.329040
1.349654
1.371556
1.370267
1.383151
1.384439
1.390881
1.408918
1.429531
1.437261
1.416648
1.393457
1.381862
1.380574
1.408918
1.424378
1.437261
1.411494
1.403764
1.389592
1.371556
1.325175
1.287813
1.277506
1.267199
1.287813
1.320022
1.307138
1.327752
1.325175
1.344500
1.393457
1.439838
1.421801
1.403764
1.383151
1.368979
1.366402
1.367691
1.362537
1.358672
1.367691
1.345789
1.368979
1.368979
1.348365
1.340635
1.367691
1.397323
1.402476
1.402476
1.402476
1.415359
1.406341
1.385727
1.358672
1.340635
1.335482
1.361249
1.379286
1.371556
1.362537
1.339347
1.343212
1.353519
1.357384
1.376709
1.402476
1.388304
1.384439
1.380574
1.392169
1.393457
1.394746
1.383151
1.398611
1.381862
1.398611
1.417936
1.412783
1.419224
1.428243
1.432108
1.414071
1.405053
1.379286
1.363825
1.321310
1.304562
1.330328
1.331617
1.332905
1.335482
1.331617
1.329040
1.338059
1.371556
1.406341
1.396034
1.387016
1.367691
1.347077
1.326463
1.317445
1.321310
1.359960
1.377997
1.367691
1.372844
1.390881
1.388304
1.392169
1.381862
1.349654
1.347077
1.331617
1.365114
1.359960
1.374132
1.392169
1.372844
1.383151
1.384439
1.392169
1.399899
1.393457
1.385727
1.398611
1.367691
1.362537
1.412783
1.408918
1.434685
1.463028
1.441126
1.406341
1.377997
1.338059
1.336770
1.326463
1.327752
1.335482
1.311003
1.325175
1.344500
1.376709
1.370267
1.353519
1.377997
1.357384
1.353519
1.374132
1.349654
1.392169
1.380574
1.397323
1.390881
1.379286
1.363825
1.375421
1.403764
1.394746
1.392169
1.390881
1.374132
1.385727
1.379286
1.336770
1.323887
1.325175
1.323887
1.354807
1.347077
1.365114
1.380574
1.379286
1.376709
1.380574
1.363825
1.334193
1.340635
1.320022
1.309715
1.363825
1.401188
1.420513
1.399899
1.396034
1.394746
1.380574
1.366402
1.367691
1.384439
1.414071
1.426955
1.429531
1.411494
1.383151
1.366402
1.375421
1.365114
1.380574
1.371556
1.363825
1.383151
1.363825
1.383151
1.376709
1.388304
1.384439
1.383151
1.357384
1.367691
1.359960
1.347077
1.363825
1.365114
1.375421
1.353519
1.321310
1.285236
1.295543
1.329040
1.358672
1.367691
1.392169
1.405053
1.414071
1.414071
1.394746
1.376709
1.349654
1.344500
1.358672
1.381862
1.419224
1.420513
1.438550
1.420513
1.425666
1.415359
1.414071
1.379286
1.366402
1.329040
1.332905
1.308427
1.308427
1.313580
1.338059
1.367691
1.376709
1.387016
1.399899
1.398611
1.383151
1.357384
1.331617
1.307138
1.329040
1.363825
1.402476
1.426955
1.425666
1.398611
1.393457
1.398611
1.363825
1.340635
1.357384
1.345789
1.367691
1.415359
1.419224
1.430820
1.416648
1.390881
1.349654
1.327752
1.332905
1.371556
1.357384
1.370267
1.357384
1.399899
1.393457
1.398611
1.401188
1.438550
1.430820
1.438550
1.439838
1.417936
1.390881
1.371556
1.389592
1.365114
1.348365
1.348365
1.313580
1.296831
1.282660
1.281371
1.271064
1.276218
1.320022
1.336770
1.368979
1.371556
1.379286
1.397323
1.420513
1.408918
1.405053
1.403764
1.407629
1.414071
1.437261
1.441126
1.437261
1.389592
1.356095
1.374132
1.372844
1.421801
1.430820
1.441126
1.443703
1.425666
1.398611
1.350942
1.304562
1.283948
1.296831
1.327752
1.357384
1.320022
1.298120
1.273641
1.289101
1.280083
1.299408
1.325175
1.344500
1.356095
1.357384
1.344500
1.329040
1.349654
1.358672
1.399899
1.402476
1.408918
1.423089
1.421801
1.375421
1.361249
1.354807
1.361249
1.394746
1.393457
1.401188
1.402476
1.439838
1.424378
1.425666
1.429531
1.443703
1.475912
1.450145
1.442415
1.412783
1.397323
1.380574
1.347077
1.330328
1.326463
1.339347
1.330328
1.336770
1.313580
1.311003
1.343212
1.335482
1.335482
1.352230
1.368979
1.384439
1.330328
1.341924
1.348365
1.366402
1.387016
1.368979
1.365114
1.322598
1.314868
1.304562
1.290390
1.289101
1.317445
1.344500
1.374132
1.384439
1.384439
1.370267
1.388304
1.372844
1.412783
1.446280
1.474623
1.459163
1.434685
1.419224
1.405053
1.406341
1.387016
1.376709
1.421801
1.439838
1.446280
1.443703
1.420513
1.387016
1.396034
1.379286
1.384439
1.372844
1.340635
1.336770
1.317445
1.343212
1.334193
1.339347
1.313580
1.323887
1.334193
1.312292
1.314868
1.338059
1.336770
1.350942
1.363825
1.367691
1.394746
1.408918
1.385727
1.392169
1.393457
1.393457
1.367691
1.352230
1.375421
1.392169
1.392169
1.397323
1.377997
1.384439
1.388304
1.383151
1.405053
1.394746
1.375421
1.392169
1.396034
1.357384
1.331617
1.301985
1.276218
1.277506
1.300696
1.305850
1.335482
1.352230
1.371556
1.393457
1.428243
1.416648
1.434685
1.443703
1.455298
1.447568
1.451433
1.442415
1.408918
1.385727
1.370267
1.327752
1.327752
1.332905
1.318733
1.317445
1.291678
1.301985
1.330328
1.331617
1.356095
1.371556
1.389592
1.381862
1.374132
1.366402
1.384439
1.432108
1.459163
1.472047
1.459163
1.443703
1.421801
1.403764
1.388304
1.368979
1.361249
1.356095
1.362537
1.344500
1.358672
1.331617
1.366402
1.345789
1.330328
1.349654
1.344500
1.339347
1.338059
1.361249
1.338059
1.340635
1.350942
1.370267
1.392169
1.394746
1.412783
1.433396
1.446280
1.433396
1.399899
1.368979
1.375421
1.354807
1.350942
1.352230
1.357384
1.405053
1.447568
1.459163
1.428243
1.390881
1.334193
1.312292
1.304562
1.312292
1.312292
1.325175
1.341924
1.338059
1.377997
1.408918
1.412783
1.432108
1.403764
1.390881
1.390881
1.385727
1.390881
1.416648
1.401188
1.388304
1.365114
1.371556
1.408918
1.380574
1.405053
1.376709
1.366402
1.365114
1.349654
1.361249
1.359960
1.358672
1.335482
1.341924
1.311003
1.318733
1.349654
1.377997
1.387016
1.403764
1.416648
1.390881
1.366402
1.349654
1.367691
1.384439
1.357384
1.353519
1.334193
1.314868
1.299408
1.332905
1.336770
1.336770
1.343212
1.363825
1.411494
1.388304
1.394746
1.375421
1.390881
1.393457
1.394746
1.390881
1.383151
1.370267
1.358672
1.341924
1.338059
1.348365
1.381862
1.408918
1.407629
1.424378
1.403764
1.406341
1.363825
1.339347
1.339347
1.347077
1.368979
1.398611
1.426955
1.438550
1.454010
1.465605
1.465605
1.460452
1.423089
1.420513
1.390881
1.388304
1.358672
1.298120
1.278795
1.292966
1.298120
1.336770
1.312292
1.325175
1.361249
1.350942
1.353519
1.376709
1.367691
1.367691
1.403764
1.394746
1.399899
1.379286
1.356095
1.340635
1.357384
1.389592
1.380574
1.381862
1.417936
1.403764
1.407629
1.407629
1.397323
1.399899
1.389592
1.388304
1.368979
1.371556
1.368979
1.394746
1.385727
1.371556
1.353519
1.349654
1.366402
1.381862
1.365114
1.340635
1.353519
1.340635
1.356095
1.393457
1.397323
1.377997
1.367691
1.338059
1.340635
1.361249
1.384439
1.371556
1.356095
1.372844
1.362537
1.396034
1.403764
1.437261
1.479777
1.469470
1.454010
1.415359
1.385727
1.379286
1.350942
1.353519
1.359960
1.352230
1.316157
1.301985
1.278795
1.255604
1.247874
1.258181
1.245298
1.255604
1.283948
1.314868
1.322598
1.336770
1.350942
1.374132
1.357384
1.384439
1.432108
1.434685
1.441126
1.442415
1.465605
1.482353
1.508120
1.479777
1.459163
1.435973
1.426955
1.380574
1.336770
1.318733
1.300696
1.282660
1.329040
1.323887
1.345789
1.383151
1.419224
1.389592
1.396034
1.408918
1.398611
1.393457
1.405053
1.408918
1.425666
1.434685
1.424378
1.406341
1.374132
1.372844
1.363825
1.348365
1.326463
1.323887
1.307138
1.308427
1.320022
1.343212
1.368979
1.403764
1.411494
1.438550
1.430820
1.429531
1.402476
1.357384
1.347077
1.354807
1.331617
1.309715
1.309715
1.330328
1.305850
1.298120
1.327752
1.321310
1.321310
1.316157
1.312292
1.317445
1.335482
1.356095
1.353519
1.361249
1.357384
1.392169
1.408918
1.455298
1.435973
1.432108
1.415359
1.399899
1.389592
1.357384
1.366402
1.370267
1.399899
1.372844
1.379286
1.397323
1.460452
1.463028
1.468182
1.472047
1.448856
1.429531
1.407629
1.358672
1.332905
1.326463
1.327752
1.277506
1.237567
1.242721
1.269776
1.303273
1.330328
1.362537
1.357384
1.335482
1.335482
1.358672
1.363825
1.392169
1.406341
1.441126
1.437261
1.443703
1.392169
1.374132
1.343212
1.344500
1.332905
1.326463
1.352230
1.340635
1.348365
1.366402
1.374132
1.392169
1.393457
1.447568
1.486219
1.519716
1.500390
1.481065
1.433396
1.417936
1.414071
1.385727
1.345789
1.350942
1.325175
1.309715
1.308427
1.287813
1.314868
1.299408
1.313580
1.329040
1.341924
1.362537
1.371556
1.387016
1.412783
1.394746
1.371556
1.343212
1.344500
1.397323
1.403764
1.428243
1.405053
1.406341
1.398611
1.419224
1.385727
1.371556
1.340635
1.320022
1.301985
1.291678
1.301985
1.307138
1.334193
1.308427
1.303273
1.327752
1.366402
1.397323
1.442415
1.447568
1.435973
1.429531
1.420513
1.408918
1.405053
1.376709
1.344500
1.338059
1.323887
1.335482
1.385727
1.379286
1.397323
1.389592
1.363825
1.343212
1.350942
1.370267
1.406341
1.401188
1.429531
1.437261
1.428243
1.408918
1.402476
1.389592
1.398611
1.402476
1.398611
1.397323
1.375421
1.363825
1.347077
1.367691
1.353519
1.374132
1.385727
1.376709
1.345789
1.321310
1.296831
1.320022
1.303273
1.338059
1.353519
1.317445
1.311003
1.305850
1.287813
1.283948
1.298120
1.331617
1.326463
1.330328
1.329040
1.348365
1.365114
1.377997
1.396034
1.417936
1.444991
1.452721
1.439838
1.448856
1.430820
1.463028
1.439838
1.421801
1.405053
1.390881
1.398611
1.390881
1.443703
1.448856
1.492660
1.478488
1.464317
1.456587
1.424378
1.399899
1.414071
1.399899
1.397323
1.350942
1.320022
1.330328
1.312292
1.332905
1.305850
1.298120
1.276218
1.303273
1.331617
1.353519
1.353519
1.321310
1.295543
1.282660
1.290390
1.309715
1.336770
1.358672
1.383151
1.408918
1.420513
1.448856
1.455298
1.429531
1.407629
1.407629
1.374132
1.389592
1.358672
1.345789
1.330328
1.309715
1.330328
1.314868
1.304562
1.345789
1.362537
1.389592
1.393457
1.411494
1.380574
1.365114
1.361249
1.341924
1.344500
1.356095
1.372844
1.402476
1.376709
1.381862
1.399899
1.408918
1.407629
1.419224
1.407629
1.393457
1.356095
1.335482
1.318733
1.299408
1.320022
1.305850
1.340635
1.353519
1.406341
1.415359
1.419224
1.367691
1.367691
1.383151
1.401188
1.392169
1.393457
1.384439
1.372844
1.375421
1.362537
1.368979
1.388304
1.397323
1.383151
1.380574
1.385727
1.367691
1.372844
1.380574
1.384439
1.397323
1.410206
1.437261
1.411494
1.389592
1.397323
1.358672
1.372844
1.380574
1.389592
1.405053
1.376709
1.402476
1.403764
1.446280
1.434685
1.435973
1.430820
1.411494
1.388304
1.374132
1.356095
1.350942
1.321310
1.339347
1.305850
1.295543
1.308427
1.325175
1.344500
1.341924
1.347077
1.363825
1.341924
1.322598
1.343212
1.361249
1.368979
1.359960
1.350942
1.361249
1.367691
1.415359
1.408918
1.421801
1.451433
1.457875
1.456587
1.474623
1.444991
1.416648
1.411494
1.370267
1.348365
1.321310
1.301985
1.300696
1.299408
1.298120
1.316157
1.368979
1.371556
1.390881
1.379286
1.372844
1.377997
1.353519
1.372844
1.397323
1.399899
1.384439
1.371556
1.390881
1.389592
1.381862
1.381862
1.387016
1.392169
1.381862
1.371556
1.371556
1.407629
1.381862
1.353519
1.331617
1.317445
1.317445
1.330328
1.357384
1.390881
1.375421
1.377997
1.366402
1.354807
1.350942
1.339347
1.365114
1.335482
1.338059
1.336770
1.326463
1.335482
1.335482
1.322598
1.322598
1.329040
1.361249
1.353519
1.396034
1.376709
1.380574
1.353519
1.362537
1.377997
1.394746
1.419224
1.393457
1.394746
1.389592
1.419224
1.402476
1.425666
1.434685
1.444991
1.438550
1.405053
1.414071
1.415359
1.410206
1.368979
1.367691
1.357384
1.361249
1.377997
1.394746
1.405053
1.421801
1.388304
1.354807
1.313580
1.303273
1.292966
1.295543
1.321310
1.312292
1.305850
1.298120
1.317445
1.314868
1.321310
1.336770
1.344500
1.366402
1.381862
1.397323
1.397323
1.388304
1.402476
1.385727
1.367691
1.347077
1.353519
1.359960
1.381862
1.398611
1.411494
1.403764
1.397323
1.407629
1.394746
1.407629
1.435973
1.456587
1.423089
1.423089
1.381862
1.381862
1.387016
1.398611
1.372844
1.363825
1.338059
1.335482
1.370267
1.384439
1.372844
1.344500
1.335482
1.363825
1.390881
1.379286
1.408918
1.401188
1.397323
1.398611
1.352230
1.331617
1.321310
1.311003
1.304562
1.325175
1.305850
1.316157
1.356095
1.370267
1.402476
1.406341
1.434685
1.441126
1.463028
1.447568
1.447568
1.419224
1.428243
1.406341
1.428243
1.390881
1.375421
1.385727
1.359960
1.344500
1.321310
1.323887
1.304562
1.311003
1.327752
1.335482
1.321310
1.330328
1.344500
1.353519
1.347077
1.365114
1.344500
1.354807
1.368979
1.354807
1.380574
1.376709
1.407629
1.406341
1.423089
1.401188
1.407629
1.367691
1.393457
1.375421
1.410206
1.423089
1.437261
1.450145
1.450145
1.428243
1.412783
1.372844
1.361249
1.348365
1.347077
1.368979
1.363825
1.371556
1.339347
1.330328
1.305850
1.336770
1.338059
1.349654
1.354807
1.377997
1.368979
1.380574
1.385727
1.403764
1.380574
1.376709
1.363825
1.336770
1.325175
1.301985
1.321310
1.308427
1.327752
1.350942
1.353519
1.363825
1.398611
1.405053
1.394746
1.397323
1.357384
1.358672
1.367691
1.390881
1.407629
1.423089
1.402476
1.394746
1.372844
1.362537
1.366402
1.367691
1.379286
1.384439
1.379286
1.379286
1.394746
1.371556
1.365114
1.384439
1.417936
1.384439
1.377997
1.354807
1.354807
1.350942
1.365114
1.379286
1.363825
1.341924
1.334193
1.343212
1.374132
1.361249
1.363825
1.375421
1.383151
1.353519
1.349654
1.365114
1.359960
1.365114
1.374132
1.399899
1.403764
1.402476
1.384439
1.383151
1.388304
1.370267
1.387016
1.367691
1.352230
1.367691
1.388304
1.406341
1.437261
1.455298
1.452721
1.421801
1.401188
1.394746
1.388304
1.343212
1.314868
1.272353
1.237567
1.225972
1.231126
1.247874
1.272353
1.308427
1.317445
1.375421
1.405053
1.455298
1.429531
1.421801
1.435973
1.401188
1.389592
1.399899
1.376709
1.390881
1.371556
1.389592
1.424378
1.473335
1.482353
1.475912
1.454010
1.428243
1.392169
1.367691
1.300696
1.272353
1.280083
1.304562
1.322598
1.374132
1.383151
1.417936
1.435973
1.460452
1.455298
1.442415
1.428243
1.419224
1.377997
1.350942
1.331617
1.323887
1.307138
1.326463
1.309715
1.322598
1.332905
1.331617
1.338059
1.344500
1.363825
1.379286
1.384439
1.394746
1.425666
1.405053
1.401188
1.389592
1.372844
1.372844
1.367691
1.354807
1.377997
1.362537
1.370267
1.370267
1.388304
1.385727
1.387016
1.377997
1.384439
1.393457
1.402476
1.387016
1.375421
1.374132
1.379286
1.381862
1.377997
1.350942
1.347077
1.321310
1.295543
1.308427
1.334193
1.375421
1.352230
1.327752
1.303273
1.325175
1.317445
1.338059
1.327752
1.354807
1.387016
1.415359
1.407629
1.421801
1.392169
1.403764
1.399899
1.426955
1.434685
1.433396
1.450145
1.412783
1.406341
1.399899
1.398611
1.428243
1.429531
1.423089
1.411494
1.415359
1.424378
1.405053
1.383151
1.352230
1.340635
1.301985
1.323887
1.317445
1.326463
1.300696
1.285236
1.294255
1.295543
1.312292
1.354807
1.361249
1.385727
1.398611
1.411494
1.441126
1.424378
1.447568
1.435973
1.434685
1.401188
1.379286
1.384439
1.389592
1.376709
1.367691
1.374132
1.375421
1.340635
1.332905
1.327752
1.311003
1.345789
1.354807
1.359960
1.366402
1.339347
1.347077
1.348365
1.383151
1.426955
1.428243
1.421801
1.401188
1.377997
1.376709
1.372844
1.389592
1.345789
1.330328
1.344500
1.361249
1.370267
1.372844
1.336770
1.334193
1.321310
1.294255
1.296831
1.299408
1.316157
1.321310
1.323887
1.313580
1.321310
1.365114
1.396034
1.446280
1.493949
1.495237
1.492660
1.474623
1.461740
1.446280
1.417936
1.394746
1.363825
1.362537
1.372844
1.354807
1.374132
1.352230
1.365114
1.403764
1.398611
1.399899
1.403764
1.363825
1.381862
1.359960
1.366402
1.380574
1.392169
1.393457
1.397323
1.379286
1.375421
1.385727
1.352230
1.325175
1.312292
1.314868
1.334193
1.359960
1.366402
1.368979
1.380574
1.398611
1.423089
1.441126
1.437261
1.455298
1.464317
1.457875
1.446280
1.419224
1.399899
1.406341
1.387016
1.341924
1.320022
1.309715
1.300696
1.347077
1.354807
1.370267
1.339347
1.305850
1.295543
1.292966
1.287813
1.299408
1.285236
1.280083
1.298120
1.316157
1.340635
1.371556
1.403764
1.406341
1.420513
1.421801
1.442415
1.429531
1.411494
1.390881
1.348365
1.365114
1.362537
1.376709
1.412783
1.375421
1.358672
1.334193
1.307138
1.311003
1.317445
1.317445
1.344500
1.363825
1.374132
1.389592
1.408918
1.407629
1.438550
1.446280
1.428243
1.423089
1.412783
1.428243
1.412783
1.389592
1.368979
1.368979
1.353519
1.331617
1.329040
1.362537
1.377997
1.381862
1.375421
1.372844
1.376709
1.352230
1.339347
1.341924
1.352230
1.353519
1.366402
1.340635
1.356095
1.334193
1.323887
1.318733
1.344500
1.367691
1.397323
1.429531
1.470758
1.486219
1.475912
1.454010
1.425666
1.408918
1.396034
1.396034
1.405053
1.376709
1.332905
1.311003
1.274930
1.253028
1.287813
1.281371
1.289101
1.331617
1.327752
1.361249
1.350942
1.343212
1.365114
1.368979
1.410206
1.398611
1.388304
1.381862
1.372844
1.358672
1.374132
1.411494
1.429531
1.424378
1.437261
1.452721
1.432108
1.390881
1.384439
1.354807
1.366402
1.399899
1.384439
1.383151
1.379286
1.370267
1.366402
1.353519
1.330328
1.336770
1.358672
1.345789
1.375421
1.376709
1.363825
1.367691
1.357384
1.350942
1.353519
1.345789
1.331617
1.326463
1.323887
1.352230
1.359960
1.381862
1.359960
1.358672
1.381862
1.367691
1.377997
1.375421
1.344500
1.362537
1.384439
1.403764
1.411494
1.426955
1.444991
1.466893
1.429531
1.396034
1.387016
1.336770
1.339347
1.345789
1.371556
1.381862
1.379286
1.376709
1.380574
1.365114
1.358672
1.331617
1.344500
1.353519
1.356095
1.341924
1.320022
1.335482
1.317445
1.329040
1.366402
1.349654
1.359960
1.376709
1.390881
1.388304
1.384439
1.385727
1.396034
1.415359
1.438550
1.439838
1.412783
1.388304
1.358672
1.354807
1.350942
1.358672
1.353519
1.366402
1.379286
1.399899
1.411494
1.420513
1.414071
1.385727
1.390881
1.353519
1.343212
1.379286
1.379286
1.392169
1.368979
1.381862
1.387016
1.393457
1.381862
1.359960
1.318733
1.292966
1.276218
1.283948
1.291678
1.317445
1.341924
1.326463
1.325175
1.329040
1.320022
1.336770
1.332905
1.389592
1.428243
1.459163
1.456587
1.447568
1.450145
1.432108
1.434685
1.437261
1.443703
1.423089
1.439838
1.412783
1.407629
1.399899
1.389592
1.389592
1.370267
1.350942
1.368979
1.375421
1.376709
1.384439
1.372844
1.379286
1.387016
1.408918
1.411494
1.444991
1.487507
1.496525
1.446280
1.403764
1.354807
1.314868
1.277506
1.241432
1.238856
1.236279
1.254316
1.265911
1.249163
1.267199
1.316157
1.354807
1.385727
1.377997
1.379286
1.387016
1.398611
1.432108
1.424378
1.428243
1.423089
1.441126
1.416648
1.428243
1.421801
1.451433
1.421801
1.401188
1.393457
1.388304
1.344500
1.329040
1.325175
1.334193
1.334193
1.331617
1.336770
1.344500
1.379286
1.388304
1.396034
1.411494
1.421801
1.419224
1.446280
1.441126
1.438550
1.388304
1.383151
1.411494
1.401188
1.377997
1.356095
1.358672
1.368979
1.362537
1.317445
1.291678
1.294255
1.291678
1.294255
1.326463
1.321310
1.347077
1.367691
1.381862
1.393457
1.372844
1.353519
1.361249
1.362537
1.358672
1.350942
1.343212
1.361249
1.388304
1.393457
1.393457
1.432108
1.421801
1.411494
1.396034
1.401188
1.394746
1.425666
1.399899
1.367691
1.330328
1.317445
1.296831
1.294255
1.312292
1.336770
1.363825
1.397323
1.434685
1.423089
1.419224
1.402476
1.376709
1.372844
1.359960
1.371556
1.377997
1.376709
1.385727
1.368979
1.350942
1.338059
1.336770
1.349654
1.399899
1.396034
1.388304
1.370267
1.363825
1.356095
1.327752
1.329040
1.343212
1.347077
1.348365
1.343212
1.365114
1.393457
1.371556
1.387016
1.368979
1.379286
1.371556
1.368979
1.396034
1.414071
1.424378
1.394746
1.375421
1.356095
1.367691
1.334193
1.350942
1.320022
1.341924
1.340635
1.368979
1.372844
1.388304
1.376709
1.362537
1.385727
1.396034
1.399899
1.399899
1.352230
1.375421
1.359960
1.389592
1.372844
1.356095
1.361249
1.367691
1.365114
1.375421
1.357384
1.336770
1.336770
1.348365
1.362537
1.388304
1.384439
1.379286
1.353519
1.347077
1.353519
1.368979
1.383151
1.372844
1.372844
1.354807
1.345789
1.368979
1.367691
1.379286
1.376709
1.393457
1.389592
1.428243
1.463028
1.482353
1.443703
1.407629
1.387016
1.405053
1.380574
1.398611
1.388304
1.410206
1.394746
1.402476
1.401188
1.392169
1.410206
1.425666
1.392169
1.347077
1.312292
1.314868
1.331617
1.363825
1.358672
1.387016
1.415359
1.421801
1.419224
1.421801
1.403764
1.371556
1.358672
1.359960
1.363825
1.379286
1.390881
1.371556
1.345789
1.348365
1.352230
1.363825
1.372844
1.359960
1.370267
1.356095
1.370267
1.352230
1.341924
1.329040
1.329040
1.365114
1.385727
1.412783
1.457875
1.451433
1.466893
1.452721
1.461740
1.430820
1.421801
1.387016
1.341924
1.321310
1.313580
1.300696
1.283948
1.281371
1.285236
1.309715
1.292966
1.313580
1.344500
1.349654
1.365114
1.320022
1.305850
1.311003
1.291678
1.317445
1.321310
1.332905
1.349654
1.368979
1.357384
1.350942
1.365114
1.377997
1.377997
1.379286
1.349654
1.343212
1.330328
1.338059
1.363825
1.380574
1.383151
1.366402
1.385727
1.371556
1.363825
1.379286
1.406341
1.397323
1.381862
1.405053
1.402476
1.384439
1.414071
1.411494
1.426955
1.439838
1.425666
1.432108
1.438550
1.446280
1.459163
1.451433
1.435973
1.384439
1.372844
1.353519
1.375421
1.374132
1.397323
1.398611
1.394746
1.394746
1.372844
1.371556
1.326463
1.327752
1.309715
1.329040
1.338059
1.362537
1.350942
1.365114
1.359960
1.349654
1.347077
1.357384
1.377997
1.380574
1.389592
1.397323
1.415359
1.392169
1.385727
1.377997
1.381862
1.350942
1.329040
1.296831
1.294255
1.301985
1.307138
1.322598
1.308427
1.303273
1.317445
1.368979
1.387016
1.393457
1.416648
1.415359
1.477200
1.466893
1.484930
1.454010
1.433396
1.374132
1.325175
1.320022
1.289101
1.291678
1.278795
1.318733
1.357384
1.387016
1.390881
1.374132
1.372844
1.375421
1.392169
1.401188
1.423089
1.430820
1.423089
1.407629
1.387016
1.387016
1.356095
1.344500
1.372844
1.393457
1.389592
1.392169
1.398611
1.398611
1.397323
1.372844
1.336770
1.317445
1.321310
1.334193
1.349654
1.398611
1.396034
1.405053
1.406341
1.396034
1.406341
1.384439
1.377997
1.385727
1.399899
1.425666
1.438550
1.417936
1.412783
1.408918
1.398611
1.344500
1.318733
1.278795
1.250451
1.245298
1.271064
1.294255
1.308427
1.301985
1.316157
1.359960
1.367691
1.375421
1.398611
1.380574
1.393457
1.407629
1.421801
1.403764
1.392169
1.398611
1.361249
1.366402
1.365114
1.390881
1.412783
1.437261
1.385727
1.374132
1.381862
1.372844
1.385727
1.383151
1.389592
1.402476
1.421801
1.385727
1.375421
1.356095
1.341924
1.331617
1.345789
1.341924
1.357384
1.370267
1.363825
1.379286
1.389592
1.397323
1.403764
1.393457
1.393457
1.368979
1.368979
1.372844
1.370267
1.359960
1.341924
1.329040
1.339347
1.344500
1.377997
1.381862
1.396034
1.388304
1.361249
1.354807
1.353519
1.332905
1.311003
1.322598
1.359960
1.384439
1.398611
1.425666
1.426955
1.425666
1.426955
1.423089
1.387016
1.376709
1.327752
1.312292
1.350942
1.390881
1.420513
1.443703
1.446280
1.441126
1.411494
1.393457
1.344500
1.331617
1.317445
1.316157
1.367691
1.396034
1.410206
1.393457
1.389592
1.375421
1.362537
1.353519
1.331617
1.326463
1.344500
1.387016
1.398611
1.430820
1.439838
1.439838
1.425666
1.437261
1.410206
1.384439
1.385727
1.399899
1.345789
1.334193
1.281371
1.304562
1.308427
1.327752
1.361249
1.358672
1.371556
1.345789
1.345789
1.375421
1.392169
1.385727
1.385727
1.349654
1.358672
1.348365
1.380574
1.423089
1.441126
1.442415
1.414071
1.394746
1.402476
1.406341
1.414071
1.397323
1.390881
1.379286
1.365114
1.349654
1.363825
1.365114
1.365114
1.331617
1.311003
1.292966
1.278795
1.304562
1.340635
1.372844
1.385727
1.380574
1.363825
1.338059
1.347077
1.348365
1.343212
1.366402
1.362537
1.388304
1.423089
1.408918
1.380574
1.363825
1.376709
1.353519
1.366402
1.362537
1.374132
1.347077
1.339347
1.344500
1.357384
1.374132
1.398611
1.394746
1.399899
1.408918
1.381862
1.366402
1.348365
1.366402
1.377997
1.412783
1.425666
1.448856
1.460452
1.452721
1.417936
1.376709
1.363825
1.372844
1.349654
1.353519
1.367691
1.363825
1.358672
1.345789
1.385727
1.443703
1.459163
1.474623
1.444991
1.424378
1.399899
1.408918
1.414071
1.420513
1.421801
1.435973
1.416648
1.402476
1.390881
1.388304
1.371556
1.352230
1.313580
1.304562
1.300696
1.305850
1.240144
1.219531
1.225972
1.251739
1.282660
1.305850
1.361249
1.390881
1.421801
1.438550
1.423089
1.424378
1.420513
1.393457
1.361249
1.354807
1.359960
1.353519
1.339347
1.330328
1.329040
1.350942
1.376709
1.379286
1.387016
1.376709
1.384439
1.414071
1.443703
1.446280
1.438550
1.435973
1.420513
1.387016
1.356095
1.344500
1.305850
1.289101
1.311003
1.338059
1.321310
1.326463
1.341924
1.365114
1.358672
1.380574
1.377997
1.362537
1.363825
1.349654
1.323887
1.312292
1.295543
1.274930
1.278795
1.311003
1.341924
1.389592
1.425666
1.451433
1.454010
1.443703
1.414071
1.392169
1.389592
1.389592
1.377997
1.366402
1.385727
1.405053
1.415359
1.402476
1.401188
1.392169
1.385727
1.389592
1.392169
1.416648
1.439838
1.392169
1.376709
1.358672
1.349654
1.349654
1.338059
1.327752
1.313580
1.309715
1.334193
1.312292
1.320022
1.335482
1.352230
1.352230
1.358672
1.358672
1.339347
1.303273
1.313580
1.363825
1.374132
1.393457
1.420513
1.419224
1.410206
1.397323
1.393457
1.379286
1.341924
1.317445
1.294255
1.311003
1.327752
1.379286
1.367691
1.359960
1.357384
1.361249
1.368979
1.384439
1.419224
1.460452
1.484930
1.484930
1.454010
1.417936
1.414071
1.407629
1.383151
1.374132
1.388304
1.371556
1.376709
1.372844
1.367691
1.371556
1.377997
1.405053
1.396034
1.375421
1.392169
1.387016
1.381862
1.375421
1.361249
1.353519
1.361249
1.347077
1.341924
1.329040
1.347077
1.390881
1.406341
1.394746
1.406341
1.377997
1.358672
1.344500
1.325175
1.282660
1.277506
1.305850
1.309715
1.332905
1.356095
1.359960
1.357384
1.357384
1.348365
1.352230
1.359960
1.376709
1.388304
1.397323
1.376709
1.365114
1.365114
1.339347
1.361249
1.392169
1.406341
1.411494
1.411494
1.425666
1.424378
1.426955
1.401188
1.383151
1.403764
1.376709
1.371556
1.368979
1.375421
1.383151
1.385727
1.425666
1.438550
1.451433
1.448856
1.435973
1.429531
1.410206
1.379286
1.368979
1.345789
1.335482
1.357384
1.374132
1.368979
1.368979
1.329040
1.318733
1.312292
1.304562
1.325175
1.347077
1.359960
1.380574
1.387016
1.405053
1.396034
1.377997
1.349654
1.354807
1.350942
1.347077
1.338059
1.335482
1.368979
1.366402
1.349654
1.336770
1.358672
1.344500
1.365114
1.371556
1.387016
1.399899
1.388304
1.377997
1.334193
1.330328
1.374132
1.392169
1.401188
1.407629
1.387016
1.385727
1.426955
1.447568
1.450145
1.438550
1.415359
1.397323
1.365114
1.338059
1.331617
1.323887
1.312292
1.314868
1.318733
1.316157
1.317445
1.322598
1.335482
1.340635
1.336770
1.325175
1.349654
1.358672
1.376709
1.383151
1.416648
1.435973
1.446280
1.460452
1.491372
1.537752
1.519716
1.463028
1.432108
1.416648
1.405053
1.363825
1.320022
1.309715
1.354807
1.347077
1.377997
1.381862
1.384439
1.358672
1.359960
1.350942
1.320022
1.304562
1.330328
1.341924
1.340635
1.362537
1.380574
1.399899
1.397323
1.383151
1.389592
1.376709
1.321310
1.313580
1.322598
1.323887
1.343212
1.348365
1.340635
1.344500
1.367691
1.376709
1.356095
1.371556
1.396034
1.387016
1.379286
1.398611
1.393457
1.399899
1.381862
1.352230
1.363825
1.375421
1.371556
1.384439
1.371556
1.377997
1.353519
1.368979
1.390881
1.372844
1.363825
1.366402
1.352230
1.352230
1.366402
1.399899
1.393457
1.384439
1.350942
1.345789
1.348365
1.349654
1.365114
1.399899
1.399899
1.366402
1.381862
1.392169
1.387016
1.366402
1.374132
1.367691
1.401188
1.389592
1.397323
1.397323
1.410206
1.411494
1.410206
1.406341
1.387016
1.345789
1.325175
1.307138
1.304562
1.313580
1.345789
1.394746
1.442415
1.452721
1.477200
1.439838
1.383151
1.352230
1.349654
1.317445
1.331617
1.345789
1.344500
1.374132
1.363825
1.376709
1.411494
1.428243
1.420513
1.403764
1.419224
1.438550
1.450145
1.454010
1.432108
1.399899
1.388304
1.348365
1.338059
1.334193
1.335482
1.314868
1.350942
1.352230
1.379286
1.375421
1.385727
1.388304
1.365114
1.343212
1.300696
1.274930
1.286525
1.305850
1.327752
1.367691
1.399899
1.387016
1.375421
1.353519
1.352230
1.370267
1.366402
1.396034
1.412783
1.419224
1.406341
1.401188
1.406341
1.403764
1.396034
1.407629
1.372844
1.335482
1.335482
1.340635
1.356095
1.367691
1.392169
1.359960
1.339347
1.340635
1.321310
1.322598
1.321310
1.311003
1.316157
1.338059
1.323887
1.336770
1.311003
1.295543
1.321310
1.327752
1.354807
1.389592
1.371556
1.376709
1.379286
1.367691
1.388304
1.397323
1.390881
1.377997
1.411494
1.434685
1.444991
1.424378
1.389592
1.356095
1.367691
1.345789
1.366402
1.402476
1.408918
1.375421
1.397323
1.406341
1.380574
1.385727
1.374132
1.389592
1.402476
1.420513
1.381862
1.384439
1.398611
1.392169
1.393457
1.412783
1.417936
1.437261
1.420513
1.407629
1.393457
1.388304
1.348365
1.357384
1.357384
1.363825
1.402476
1.390881
1.380574
1.381862
1.407629
1.421801
1.425666
1.417936
1.394746
1.397323
1.376709
1.348365
1.313580
1.300696
1.267199
1.263334
1.271064
1.301985
1.349654
1.348365
1.334193
1.327752
1.327752
1.354807
1.372844
1.393457
1.405053
1.407629
1.426955
1.428243
1.419224
1.393457
1.403764
1.406341
1.363825
1.365114
1.341924
1.353519
1.325175
1.322598
1.354807
1.345789
1.362537
1.392169
1.417936
1.439838
1.437261
1.408918
1.424378
1.437261
1.399899
1.396034
1.415359
1.437261
1.493949
1.478488
1.474623
1.450145
1.428243
1.392169
1.338059
1.318733
1.329040
1.321310
1.339347
1.353519
1.352230
1.350942
1.347077
1.347077
1.323887
1.331617
1.331617
1.334193
1.332905
1.294255
1.291678
1.290390
1.303273
1.292966
1.303273
1.321310
1.312292
1.322598
1.347077
1.365114
1.375421
1.408918
1.452721
1.460452
1.469470
1.475912
1.468182
1.477200
1.455298
1.435973
1.410206
1.403764
1.397323
1.380574
1.338059
1.347077
1.354807
1.350942
1.374132
1.393457
1.402476
1.380574
1.354807
1.335482
1.323887
1.330328
1.344500
1.348365
1.345789
1.343212
1.340635
1.358672
1.330328
1.323887
1.332905
1.356095
1.370267
1.372844
1.380574
1.388304
1.385727
1.398611
1.383151
1.403764
1.396034
1.407629
1.408918
1.397323
1.381862
1.359960
1.341924
1.339347
1.339347
1.340635
1.345789
1.336770
1.331617
1.348365
1.335482
1.349654
1.326463
1.322598
1.359960
1.414071
1.397323
1.419224
1.443703
1.424378
1.444991
1.432108
1.452721
1.437261
1.407629
1.426955
1.433396
1.438550
1.435973
1.421801
1.376709
1.347077
1.282660
1.268488
1.285236
1.285236
1.282660
1.304562
1.281371
1.251739
1.250451
1.253028
1.249163
1.264623
1.314868
1.353519
1.357384
1.362537
1.374132
1.379286
1.376709
1.371556
1.357384
1.366402
1.362537
1.375421
1.385727
1.417936
1.415359
1.425666
1.439838
1.455298
1.442415
1.406341
1.402476
1.385727
1.375421
1.358672
1.367691
1.376709
1.367691
1.349654
1.334193
1.327752
1.343212
1.359960
1.385727
1.383151
1.375421
1.374132
1.362537
1.372844
1.358672
1.340635
1.348365
1.329040
1.323887
1.357384
1.344500
1.352230
1.387016
1.399899
1.448856
1.493949
1.511985
1.488795
1.479777
1.433396
1.424378
1.412783
1.407629
1.423089
1.415359
1.396034
1.398611
1.377997
1.401188
1.383151
1.371556
1.349654
1.359960
1.353519
1.341924
1.339347
1.326463
1.311003
1.304562
1.316157
1.281371
1.291678
1.345789
1.379286
1.398611
1.392169
1.408918
1.415359
1.441126
1.454010
1.437261
1.412783
1.403764
1.411494
1.408918
1.407629
1.408918
1.372844
1.354807
1.354807
1.375421
1.352230
1.347077
1.332905
1.296831
1.278795
1.255604
1.265911
1.299408
1.312292
1.317445
1.330328
1.314868
1.311003
1.325175
1.354807
1.390881
1.405053
1.441126
1.432108
1.423089
1.410206
1.414071
1.447568
1.410206
1.411494
1.367691
1.339347
1.330328
1.330328
1.334193
1.354807
1.374132
1.385727
1.381862
1.370267
1.387016
1.402476
1.412783
1.434685
1.447568
1.463028
1.487507
1.466893
1.447568
1.396034
1.384439
1.379286
1.354807
1.348365
1.345789
1.308427
1.276218
1.273641
1.281371
1.318733
1.339347
1.399899
1.417936
1.444991
1.487507
1.497814
1.470758
1.424378
1.362537
1.325175
1.325175
1.318733
1.321310
1.320022
1.336770
1.362537
1.366402
1.358672
1.354807
1.363825
1.352230
1.338059
1.341924
1.370267
1.368979
1.390881
1.416648
1.410206
1.402476
1.388304
1.372844
1.340635
1.347077
1.356095
1.352230
1.349654
1.352230
1.370267
1.401188
1.444991
1.430820
1.412783
1.389592
1.379286
1.375421
1.402476
1.402476
1.406341
1.370267
1.348365
1.301985
1.303273
1.318733
1.339347
1.334193
1.357384
1.366402
1.381862
1.408918
1.411494
1.425666
1.439838
1.421801
1.433396
1.424378
1.417936
1.399899
1.374132
1.358672
1.344500
1.301985
1.308427
1.330328
1.331617
1.334193
1.353519
1.383151
1.380574
1.405053
1.381862
1.365114
1.374132
1.398611
1.401188
1.410206
1.417936
1.411494
1.399899
1.397323
1.407629
1.417936
1.410206
1.415359
1.381862
1.352230
1.370267
1.343212
1.320022
1.294255
1.250451
1.268488
1.282660
1.332905
1.339347
1.363825
1.366402
1.350942
1.359960
1.347077
1.330328
1.308427
1.296831
1.298120
1.329040
1.347077
1.345789
1.344500
1.358672
1.402476
1.388304
1.401188
1.388304
1.367691
1.371556
1.365114
1.398611
1.433396
1.408918
1.415359
1.385727
1.393457
1.421801
1.408918
1.411494
1.402476
1.402476
1.399899
1.385727
1.377997
1.396034
1.430820
1.433396
1.438550
1.416648
1.389592
1.367691
1.370267
1.362537
1.397323
1.371556
1.377997
1.376709
1.365114
1.350942
1.372844
1.361249
1.392169
1.406341
1.393457
1.414071
1.406341
1.384439
1.365114
1.331617
1.341924
1.363825
1.359960
1.362537
1.338059
1.329040
1.349654
1.354807
1.379286
1.352230
1.361249
1.322598
1.296831
1.300696
1.305850
1.323887
1.356095
1.348365
1.348365
1.358672
1.357384
1.371556
1.407629
1.398611
1.403764
1.412783
1.460452
1.434685
1.410206
1.403764
1.354807
1.336770
1.336770
1.311003
1.340635
1.349654
1.347077
1.370267
1.414071
1.433396
1.443703
1.457875
1.425666
1.423089
1.394746
1.405053
1.379286
1.384439
1.362537
1.356095
1.325175
1.314868
1.296831
1.280083
1.269776
1.259469
1.268488
1.282660
1.320022
1.316157
1.375421
1.389592
1.408918
1.411494
1.414071
1.411494
1.402476
1.411494
1.419224
1.410206
1.423089
1.450145
1.492660
1.477200
1.456587
1.443703
1.439838
1.402476
1.407629
1.385727
1.383151
1.374132
1.394746
1.371556
1.379286
1.343212
1.338059
1.316157
1.308427
1.291678
1.308427
1.326463
1.318733
1.314868
1.316157
1.309715
1.327752
1.338059
1.362537
1.361249
1.383151
1.370267
1.359960
1.326463
1.299408
1.311003
1.353519
1.368979
1.411494
1.407629
1.407629
1.416648
1.407629
1.392169
1.375421
1.389592
1.406341
1.398611
1.397323
1.362537
1.394746
1.388304
1.429531
1.451433
1.447568
1.433396
1.397323
1.371556
1.340635
1.352230
1.377997
1.371556
1.370267
1.394746
1.393457
1.366402
1.354807
1.338059
1.334193
1.343212
1.330328
1.321310
1.338059
1.371556
1.371556
1.371556
1.353519
1.363825
1.336770
1.353519
1.343212
1.354807
1.344500
1.345789
1.349654
1.380574
1.415359
1.420513
1.423089
1.411494
1.399899
1.392169
1.383151
1.363825
1.365114
1.368979
1.375421
1.375421
1.362537
1.347077
1.356095
1.357384
1.363825
1.363825
1.359960
1.370267
1.374132
1.359960
1.368979
1.359960
1.345789
1.311003
1.301985
1.305850
1.311003
1.295543
1.299408
1.312292
1.357384
1.394746
1.380574
1.393457
1.415359
1.455298
1.497814
1.496525
1.488795
1.459163
1.444991
1.438550
1.394746
1.387016
1.399899
1.415359
1.435973
1.424378
1.401188
1.368979
1.356095
1.381862
1.358672
1.367691
1.363825
1.354807
1.362537
1.365114
1.363825
1.366402
1.345789
1.349654
1.347077
1.336770
1.356095
1.362537
1.368979
1.393457
1.370267
1.383151
1.396034
1.408918
1.412783
1.405053
1.380574
1.379286
1.334193
1.311003
1.280083
1.277506
1.254316
1.281371
1.280083
1.292966
1.340635
1.374132
1.420513
1.434685
1.421801
1.420513
1.396034
1.420513
1.448856
1.450145
1.434685
1.434685
1.428243
1.428243
1.393457
1.380574
1.368979
1.345789
1.353519
1.352230
1.348365
1.323887
1.327752
1.345789
1.336770
1.325175
1.321310
1.318733
1.330328
1.311003
1.308427
1.330328
1.347077
1.352230
1.380574
1.377997
1.399899
1.392169
1.387016
1.374132
1.358672
1.357384
1.345789
1.343212
1.330328
1.363825
1.341924
1.359960
1.415359
1.415359
1.442415
1.417936
1.411494
1.414071
1.420513
1.393457
1.393457
1.387016
1.420513
1.420513
1.416648
1.419224
1.407629
1.393457
1.374132
1.341924
1.336770
1.317445
1.312292
1.326463
1.336770
1.327752
1.350942
1.339347
1.371556
1.383151
1.420513
1.454010
1.447568
1.465605
1.452721
1.438550
1.432108
1.401188
1.393457
1.379286
1.374132
1.380574
1.381862
1.389592
1.376709
1.368979
1.330328
1.299408
1.281371
1.289101
1.291678
1.294255
1.316157
1.340635
1.350942
1.390881
1.374132
1.383151
1.401188
1.376709
1.368979
1.372844
1.365114
1.370267
1.407629
1.392169
1.372844
1.352230
1.344500
1.343212
1.354807
1.372844
1.341924
1.308427
1.300696
1.314868
1.343212
1.366402
1.407629
1.433396
1.414071
1.397323
1.374132
1.384439
1.381862
1.376709
1.353519
1.353519
1.357384
1.358672
1.379286
1.434685
1.451433
1.465605
1.457875
1.469470
1.477200
1.415359
1.389592
1.366402
1.322598
1.326463
1.356095
1.358672
1.347077
1.350942
1.367691
1.347077
1.343212
1.343212
1.348365
1.345789
1.374132
1.354807
1.339347
1.353519
1.376709
1.366402
1.368979
1.361249
1.343212
1.317445
1.329040
1.365114
1.394746
1.426955
1.452721
1.469470
1.447568
1.411494
1.388304
1.341924
1.301985
1.276218
1.265911
1.285236
1.322598
1.370267
1.366402
1.372844
1.398611
1.403764
1.392169
1.377997
1.376709
1.415359
1.425666
1.430820
1.459163
1.460452
1.438550
1.430820
1.414071
1.411494
1.429531
1.376709
1.361249
1.338059
1.312292
1.307138
1.331617
1.354807
1.350942
1.325175
1.314868
1.290390
1.289101
1.312292
1.318733
1.311003
1.320022
1.308427
1.296831
1.295543
1.311003
1.338059
1.343212
1.332905
1.353519
1.345789
1.377997
1.388304
1.407629
1.407629
1.419224
1.457875
1.443703
1.416648
1.397323
1.383151
1.396034
1.376709
1.359960
1.370267
1.357384
1.376709
1.374132
1.399899
1.411494
1.425666
1.403764
1.396034
1.401188
1.394746
1.390881
1.399899
1.389592
1.408918
1.399899
1.397323
1.394746
1.371556
1.402476
1.407629
1.384439
1.344500
1.341924
1.331617
1.336770
1.349654
1.301985
1.280083
1.268488
1.286525
1.326463
1.356095
1.385727
1.425666
1.461740
1.455298
1.434685
1.399899
1.376709
1.362537
1.368979
1.388304
1.353519
1.365114
1.331617
1.330328
1.318733
1.326463
1.343212
1.377997
1.367691
1.354807
1.335482
1.332905
1.372844
1.362537
1.381862
1.377997
1.402476
1.415359
1.406341
1.407629
1.420513
1.428243
1.399899
1.339347
1.294255
1.295543
1.282660
1.274930
1.307138
1.353519
1.365114
1.387016
1.396034
1.424378
1.414071
1.407629
1.381862
1.375421
1.348365
1.343212
1.348365
1.344500
1.361249
1.408918
1.390881
1.387016
1.408918
1.411494
1.424378
1.396034
1.362537
1.332905
1.349654
1.349654
1.334193
1.349654
1.313580
1.322598
1.330328
1.330328
1.367691
1.354807
1.365114
1.384439
1.401188
1.408918
1.389592
1.403764
1.401188
1.408918
1.426955
1.434685
1.444991
1.429531
1.415359
1.401188
1.393457
1.410206
1.410206
1.388304
1.394746
1.408918
1.374132
1.370267
1.345789
1.365114
1.345789
1.370267
1.387016
1.408918
1.433396
1.402476
1.375421
1.331617
1.291678
1.272353
1.290390
1.325175
1.335482
1.393457
1.408918
1.433396
1.438550
1.425666
1.421801
1.438550
1.434685
1.412783
1.387016
1.362537
1.359960
1.340635
1.334193
1.336770
1.338059
1.362537
1.374132
1.389592
1.377997
1.338059
1.330328
1.304562
1.347077
1.354807
1.375421
1.399899
1.383151
1.370267
1.367691
1.345789
1.344500
1.374132
1.393457
1.419224
1.433396
1.442415
1.451433
1.447568
1.417936
1.432108
1.420513
1.399899
1.385727
1.379286
1.352230
1.336770
1.320022
1.313580
1.305850
1.344500
1.383151
1.388304
1.392169
1.366402
1.363825
1.349654
1.349654
1.335482
1.368979
1.387016
1.396034
1.392169
1.393457
1.379286
1.403764
1.408918
1.408918
1.383151
1.398611
1.406341
1.381862
1.389592
1.393457
1.420513
1.403764
1.381862
1.403764
1.406341
1.402476
1.399899
1.388304
1.380574
1.335482
1.317445
1.318733
1.320022
1.291678
1.280083
1.282660
1.303273
1.332905
1.376709
1.421801
1.429531
1.426955
1.450145
1.477200
1.479777
1.420513
1.387016
1.361249
1.365114
1.350942
1.365114
1.365114
1.377997
1.381862
1.377997
1.371556
1.371556
1.362537
1.392169
1.392169
1.363825
1.350942
1.325175
1.332905
1.344500
1.339347
1.326463
1.330328
1.370267
1.385727
1.399899
1.389592
1.361249
1.368979
1.361249
1.380574
1.388304
1.375421
1.389592
1.354807
1.344500
1.365114
1.379286
1.397323
1.402476
1.410206
1.388304
1.420513
1.461740
1.460452
1.470758
1.447568
1.425666
1.377997
1.368979
1.397323
1.426955
1.438550
1.425666
1.433396
1.397323
1.358672
1.327752
1.318733
1.341924
1.308427
1.301985
1.320022
1.362537
1.394746
1.406341
1.421801
1.393457
1.396034
1.412783
1.401188
1.417936
1.380574
1.393457
1.380574
1.361249
1.323887
1.303273
1.282660
1.276218
1.263334
1.286525
1.265911
1.264623
1.285236
1.312292
1.314868
1.329040
1.358672
1.384439
1.392169
1.399899
1.380574
1.377997
1.385727
1.388304
1.421801
1.457875
1.451433
1.454010
1.466893
1.442415
1.432108
1.403764
1.387016
1.392169
1.365114
1.325175
1.311003
1.323887
1.359960
1.367691
1.340635
1.347077
1.352230
1.361249
1.367691
1.354807
1.327752
1.329040
1.312292
1.317445
1.314868
1.329040
1.289101
1.281371
1.307138
1.322598
1.332905
1.357384
1.349654
1.350942
1.338059
1.321310
1.339347
1.365114
1.375421
1.392169
1.393457
1.385727
1.411494
1.430820
1.430820
1.441126
1.430820
1.417936
1.403764
1.405053
1.417936
1.408918
1.403764
1.416648
1.430820
1.398611
1.361249
1.358672
1.371556
1.379286
1.377997
1.372844
1.375421
1.384439
1.375421
1.363825
1.341924
1.327752
1.335482
1.289101
1.272353
1.278795
1.313580
1.349654
1.367691
1.357384
1.362537
1.388304
1.389592
1.372844
1.371556
1.388304
1.402476
1.410206
1.407629
1.390881
1.376709
1.368979
1.388304
1.361249
1.338059
1.340635
1.362537
1.372844
1.399899
1.415359
1.452721
1.446280
1.459163
1.451433
1.455298
1.469470
1.484930
1.468182
1.477200
1.464317
1.426955
1.370267
1.322598
1.314868
1.305850
1.269776
1.292966
1.290390
1.301985
1.323887
1.323887
1.309715
1.307138
1.320022
1.340635
1.354807
1.356095
1.368979
1.390881
1.430820
1.442415
1.426955
1.421801
1.412783
1.407629
1.401188
1.389592
1.358672
1.344500
1.358672
1.334193
1.313580
1.309715
1.313580
1.322598
1.334193
1.332905
1.348365
1.366402
1.380574
1.403764
1.402476
1.405053
1.415359
1.411494
1.398611
1.385727
1.381862
1.370267
1.357384
1.353519
1.365114
1.377997
1.407629
1.419224
1.435973
1.419224
1.424378
1.432108
1.414071
1.385727
1.361249
1.321310
1.291678
1.272353
1.276218
1.305850
1.331617
1.365114
1.385727
1.397323
1.405053
1.407629
1.423089
1.416648
1.433396
1.447568
1.466893
1.481065
1.487507
1.472047
1.435973
1.405053
1.371556
1.332905
1.312292
1.286525
1.259469
1.271064
1.322598
1.317445
1.343212
1.338059
1.347077
1.354807
1.384439
1.389592
1.399899
1.412783
1.402476
1.396034
1.354807
1.332905
1.299408
1.313580
1.330328
1.366402
1.352230
1.345789
1.349654
1.385727
1.375421
1.389592
1.408918
1.394746
1.408918
1.371556
1.366402
1.354807
1.376709
1.365114
1.368979
1.375421
1.339347
1.339347
1.347077
1.323887
1.318733
1.325175
1.353519
1.343212
1.365114
1.390881
1.358672
1.336770
1.323887
1.322598
1.322598
1.316157
1.309715
1.321310
1.298120
1.298120
1.317445
1.343212
1.377997
1.414071
1.455298
1.482353
1.488795
1.493949
1.499102
1.501679
1.500390
1.482353
1.459163
1.446280
1.396034
1.381862
1.394746
1.381862
1.374132
1.375421
1.344500
1.323887
1.325175
1.329040
1.334193
1.334193
1.323887
1.305850
1.301985
1.312292
1.313580
1.316157
1.330328
1.317445
1.332905
1.341924
1.350942
1.361249
1.358672
1.375421
1.371556
1.385727
1.379286
1.397323
1.393457
1.398611
1.397323
1.381862
1.414071
1.412783
1.403764
1.393457
1.399899
1.398611
1.408918
1.407629
1.383151
1.385727
1.370267
1.344500
1.367691
1.393457
1.415359
1.421801
1.397323
1.392169
1.398611
1.416648
1.423089
1.384439
1.389592
1.407629
1.390881
1.380574
1.370267
1.379286
1.370267
1.348365
1.312292
1.307138
1.294255
1.287813
1.309715
1.287813
1.286525
1.294255
1.308427
1.330328
1.350942
1.354807
1.377997
1.399899
1.396034
1.380574
1.356095
1.353519
1.365114
1.396034
1.415359
1.401188
1.394746
1.384439
1.399899
1.397323
1.389592
1.415359
1.417936
1.408918
1.425666
1.393457
1.390881
1.385727
1.389592
1.396034
1.403764
1.393457
1.389592
1.399899
1.394746
1.396034
1.411494
1.432108
1.408918
1.405053
1.377997
1.335482
1.322598
1.309715
1.298120
1.307138
1.332905
1.341924
1.362537
1.394746
1.415359
1.429531
1.442415
1.403764
1.353519
1.318733
1.301985
1.299408
1.338059
1.332905
1.370267
1.350942
1.344500
1.354807
1.344500
1.374132
1.385727
1.390881
1.402476
1.366402
1.365114
1.397323
1.442415
1.433396
1.411494
1.379286
1.376709
1.368979
1.362537
1.372844
1.368979
1.343212
1.350942
1.349654
1.365114
1.339347
1.352230
1.349654
1.353519
1.350942
1.341924
1.303273
1.280083
1.303273
1.304562
1.343212
1.381862
1.393457
1.434685
1.433396
1.455298
1.435973
1.428243
1.405053
1.368979
1.388304
1.376709
1.376709
1.379286
1.376709
1.362537
1.341924
1.334193
1.323887
1.323887
1.318733
1.338059
1.343212
1.349654
1.349654
1.356095
1.383151
1.368979
1.390881
1.394746
1.396034
1.393457
1.389592
1.412783
1.384439
1.377997
1.356095
1.380574
1.429531
1.438550
1.441126
1.470758
1.468182
1.443703
1.416648
1.405053
1.397323
1.399899
1.392169
1.405053
1.444991
1.437261
1.410206
1.387016
1.374132
1.353519
1.321310
1.322598
1.309715
1.305850
1.317445
1.327752
1.349654
1.327752
1.320022
1.296831
1.289101
1.283948
1.276218
1.289101
1.295543
1.294255
1.313580
1.331617
1.329040
1.361249
1.354807
1.358672
1.354807
1.377997
1.358672
1.352230
1.396034
1.424378
1.411494
1.420513
1.432108
1.416648
1.424378
1.434685
1.438550
1.446280
1.435973
1.434685
1.438550
1.454010
1.470758
1.483642
1.495237
1.454010
1.433396
1.421801
1.397323
1.368979
1.317445
1.286525
1.281371
1.277506
1.287813
1.329040
1.320022
1.291678
1.290390
1.259469
1.245298
1.259469
1.294255
1.308427
1.338059
1.377997
1.424378
1.438550
1.443703
1.419224
1.381862
1.340635
1.311003
1.309715
1.345789
1.345789
1.368979
1.363825
1.363825
1.389592
1.383151
1.406341
1.379286
1.367691
1.371556
1.380574
1.387016
1.396034
1.405053
1.399899
1.398611
1.410206
1.446280
1.466893
1.455298
1.435973
1.433396
1.460452
1.443703
1.428243
1.416648
1.411494
1.405053
1.401188
1.396034
1.390881
1.384439
1.321310
1.289101
1.287813
1.294255
1.296831
1.280083
1.273641
1.300696
1.301985
1.349654
1.331617
1.323887
1.345789
1.332905
1.320022
1.330328
1.295543
1.299408
1.327752
1.330328
1.387016
1.388304
1.399899
1.408918
1.424378
1.455298
1.446280
1.420513
1.412783
1.414071
1.396034
1.410206
1.401188
1.394746
1.368979
1.352230
1.365114
1.365114
1.398611
1.389592
1.384439
1.363825
1.343212
1.329040
1.348365
1.366402
1.414071
1.407629
1.397323
1.385727
1.396034
1.387016
1.375421
1.368979
1.358672
1.343212
1.330328
1.325175
1.347077
1.340635
1.357384
1.374132
1.359960
1.359960
1.348365
1.372844
1.367691
1.375421
1.411494
1.437261
1.451433
1.434685
1.397323
1.374132
1.363825
1.359960
1.352230
1.349654
1.327752
1.371556
1.387016
1.408918
1.452721
1.463028
1.464317
1.428243
1.420513
1.398611
1.380574
1.374132
1.340635
1.345789
1.323887
1.308427
1.341924
1.363825
1.375421
1.352230
1.329040
1.348365
1.323887
1.341924
1.354807
1.367691
1.375421
1.390881
1.374132
1.370267
1.358672
1.361249
1.368979
1.403764
1.412783
1.402476
1.376709
1.380574
1.396034
1.376709
1.372844
1.343212
1.358672
1.331617
1.357384
1.349654
1.349654
1.347077
1.335482
1.354807
1.367691
1.347077
1.352230
1.358672
1.374132
1.384439
1.401188
1.406341
1.432108
1.437261
1.437261
1.438550
1.428243
1.416648
1.403764
1.410206
1.416648
1.394746
1.354807
1.343212
1.339347
1.344500
1.388304
1.370267
1.366402
1.367691
1.368979
1.338059
1.336770
1.320022
1.344500
1.331617
1.332905
1.313580
1.309715
1.281371
1.265911
1.267199
1.274930
1.322598
1.347077
1.380574
1.412783
1.429531
1.402476
1.408918
1.421801
1.438550
1.455298
1.452721
1.429531
1.423089
1.411494
1.392169
1.362537
1.348365
1.343212
1.357384
1.350942
1.329040
1.345789
1.385727
1.398611
1.420513
1.407629
1.381862
1.376709
1.362537
1.339347
1.322598
1.316157
1.316157
1.311003
1.309715
1.332905
1.327752
1.327752
1.340635
1.381862
1.430820
1.448856
1.460452
1.478488
1.454010
1.414071
1.385727
1.376709
1.375421
1.366402
1.353519
1.356095
1.401188
1.412783
1.416648
1.385727
1.350942
1.352230
1.336770
1.340635
1.331617
1.336770
1.348365
1.371556
1.407629
1.426955
1.442415
1.415359
1.405053
1.397323
1.389592
1.390881
1.380574
1.366402
1.358672
1.345789
1.345789
1.361249
1.363825
1.405053
1.416648
1.421801
1.406341
1.379286
1.368979
1.374132
1.374132
1.383151
1.381862
1.367691
1.381862
1.341924
1.325175
1.314868
1.331617
1.350942
1.348365
1.348365
1.332905
1.383151
1.402476
1.434685
1.408918
1.429531
1.405053
1.376709
1.353519
1.357384
1.321310
1.321310
1.303273
1.316157
1.322598
1.314868
1.322598
1.338059
1.301985
1.314868
1.320022
1.345789
1.388304
1.411494
1.425666
1.399899
1.392169
1.365114
1.345789
1.359960
1.370267
1.397323
1.399899
1.417936
1.424378
1.430820
1.424378
1.410206
1.393457
1.389592
1.407629
1.419224
1.406341
1.399899
1.398611
1.399899
1.407629
1.408918
1.394746
1.363825
1.341924
1.338059
1.320022
1.334193
1.353519
1.372844
1.361249
1.368979
1.370267
1.370267
1.366402
1.352230
1.349654
1.366402
1.347077
1.329040
1.334193
1.343212
1.352230
1.371556
1.358672
1.381862
1.372844
1.389592
1.383151
1.368979
1.402476
1.424378
1.423089
1.421801
1.430820
1.385727
1.349654
1.327752
1.307138
1.314868
1.318733
1.340635
1.327752
1.343212
1.344500
1.353519
1.363825
1.368979
1.401188
1.406341
1.394746
1.383151
1.371556
1.383151
1.379286
1.410206
1.390881
1.403764
1.411494
1.425666
1.423089
1.412783
1.434685
1.428243
1.415359
1.367691
1.318733
1.281371
1.282660
1.301985
1.341924
1.340635
1.348365
1.384439
1.362537
1.361249
1.374132
1.366402
1.388304
1.403764
1.410206
1.374132
1.357384
1.383151
1.385727
1.389592
1.406341
1.376709
1.379286
1.359960
1.348365
1.340635
1.330328
1.340635
1.357384
1.398611
1.398611
1.403764
1.377997
1.380574
1.366402
1.381862
1.383151
1.368979
1.376709
1.358672
1.377997
1.361249
1.375421
1.403764
1.412783
1.437261
1.472047
1.433396
1.417936
1.399899
1.389592
1.380574
1.394746
1.387016
1.392169
1.372844
1.370267
1.358672
1.363825
1.336770
1.335482
1.343212
1.357384
1.326463
1.295543
1.314868
1.322598
1.325175
1.336770
1.380574
1.385727
1.377997
1.383151
1.380574
1.372844
1.379286
1.380574
1.336770
1.335482
1.343212
1.350942
1.358672
1.336770
1.361249
1.387016
1.381862
1.372844
1.365114
1.347077
1.329040
1.311003
1.322598
1.321310
1.349654
1.394746
1.389592
1.407629
1.416648
1.425666
1.430820
1.434685
1.447568
1.447568
1.435973
1.414071
1.385727
1.384439
1.387016
1.387016
1.396034
1.397323
1.388304
1.399899
1.376709
1.345789
1.353519
1.392169
1.401188
1.392169
1.397323
1.423089
1.433396
1.448856
1.432108
1.399899
1.384439
1.368979
1.345789
1.353519
1.367691
1.326463
1.300696
1.325175
1.313580
1.305850
1.308427
1.312292
1.281371
1.298120
1.271064
1.298120
1.290390
1.314868
1.341924
1.380574
1.406341
1.425666
1.435973
1.456587
1.463028
1.446280
1.460452
1.437261
1.392169
1.366402
1.341924
1.338059
1.341924
1.363825
1.366402
1.384439
1.405053
1.420513
1.416648
1.387016
1.377997
1.377997
1.398611
1.379286
1.394746
1.368979
1.379286
1.372844
1.377997
1.353519
1.349654
1.349654
1.367691
1.377997
1.367691
1.366402
1.353519
1.362537
1.367691
1.367691
1.353519
1.340635
1.347077
1.332905
1.309715
1.300696
1.322598
1.339347
1.334193
1.358672
1.394746
1.424378
1.439838
1.420513
1.425666
1.390881
1.363825
1.372844
1.377997
1.359960
1.358672
1.371556
1.414071
1.424378
1.407629
1.383151
1.376709
1.398611
1.410206
1.405053
1.384439
1.374132
1.407629
1.412783
1.412783
1.414071
1.402476
1.403764
1.399899
1.379286
1.380574
1.387016
1.392169
1.375421
1.384439
1.384439
1.376709
1.388304
1.361249
1.370267
1.384439
1.370267
1.348365
1.334193
1.285236
1.281371
1.264623
1.274930
1.299408
1.322598
1.362537
1.381862
1.384439
1.383151
1.421801
1.425666
1.423089
1.432108
1.447568
1.452721
1.421801
1.396034
1.384439
1.393457
1.383151
1.368979
1.345789
1.325175
1.335482
1.317445
1.344500
1.388304
1.385727
1.359960
1.335482
1.347077
1.322598
1.348365
1.385727
1.410206
1.455298
1.478488
1.477200
1.468182
1.450145
1.419224
1.403764
1.390881
1.376709
1.377997
1.352230
1.356095
1.357384
1.347077
1.332905
1.327752
1.301985
1.291678
1.298120
1.336770
1.347077
1.352230
1.357384
1.370267
1.397323
1.425666
1.411494
1.407629
1.387016
1.340635
1.311003
1.298120
1.308427
1.305850
1.323887
1.348365
1.370267
1.416648
1.443703
1.432108
1.434685
1.396034
1.396034
1.412783
1.406341
1.403764
1.396034
1.390881
1.381862
1.353519
1.320022
1.317445
1.329040
1.329040
1.371556
1.358672
1.371556
1.424378
1.435973
1.399899
1.379286
1.379286
1.406341
1.376709
1.366402
1.383151
1.366402
1.372844
1.359960
1.379286
1.397323
1.398611
1.384439
1.376709
1.380574
1.389592
1.388304
1.383151
1.421801
1.406341
1.379286
1.354807
1.329040
1.325175
1.313580
1.311003
1.335482
1.359960
1.376709
1.365114
1.358672
1.352230
1.356095
1.332905
1.305850
1.283948
1.273641
1.280083
1.290390
1.308427
1.330328
1.363825
1.376709
1.401188
1.396034
1.381862
1.390881
1.425666
1.455298
1.459163
1.461740
1.473335
1.481065
1.491372
1.469470
1.432108
1.424378
1.416648
1.392169
1.381862
1.376709
1.367691
1.352230
1.349654
1.341924
1.348365
1.335482
1.335482
1.317445
1.323887
1.332905
1.321310
1.347077
1.390881
1.375421
1.374132
1.362537
1.350942
1.349654
1.331617
1.308427
1.286525
1.320022
1.336770
1.353519
1.334193
1.348365
1.403764
1.421801
1.402476
1.392169
1.358672
1.362537
1.370267
1.363825
1.380574
1.425666
1.448856
1.460452
1.464317
1.450145
1.443703
1.439838
1.416648
1.387016
1.387016
1.368979
1.365114
1.371556
1.366402
1.335482
1.323887
1.334193
1.316157
1.339347
1.345789
1.341924
1.335482
1.350942
1.330328
1.339347
1.341924
1.345789
1.334193
1.335482
1.341924
1.352230
1.348365
1.332905
1.348365
1.370267
1.380574
1.411494
1.419224
1.455298
1.479777
1.493949
1.454010
1.415359
1.368979
1.332905
1.318733
1.318733
1.329040
1.341924
1.359960
1.362537
1.371556
1.365114
1.371556
1.388304
1.367691
1.359960
1.365114
1.375421
1.372844
1.366402
1.362537
1.359960
1.336770
1.322598
1.325175
1.336770
1.317445
1.329040
1.344500
1.352230
1.383151
1.380574
1.393457
1.398611
1.414071
1.403764
1.363825
1.343212
1.359960
1.381862
1.388304
1.389592
1.421801
1.432108
1.433396
1.410206
1.398611
1.402476
1.408918
1.432108
1.442415
1.435973
1.437261
1.435973
1.437261
1.432108
1.443703
1.429531
1.403764
1.403764
1.384439
1.371556
1.339347
1.312292
1.280083
1.256893
1.258181
1.267199
1.287813
1.329040
1.374132
1.377997
1.394746
1.390881
1.366402
1.372844
1.372844
1.393457
1.398611
1.394746
1.375421
1.376709
1.367691
1.393457
1.408918
1.426955
1.452721
1.420513
1.412783
1.438550
1.451433
1.429531
1.423089
1.410206
1.357384
1.347077
1.336770
1.345789
1.367691
1.385727
1.387016
1.356095
1.358672
1.345789
1.349654
1.349654
1.334193
1.307138
1.323887
1.331617
1.353519
1.343212
1.332905
1.303273
1.305850
1.291678
1.296831
1.307138
1.313580
1.331617
1.353519
1.366402
1.365114
1.356095
1.375421
1.350942
1.357384
1.365114
1.367691
1.388304
1.383151
1.403764
1.421801
1.416648
1.425666
1.438550
1.392169
1.371556
1.343212
1.366402
1.384439
1.399899
1.419224
1.419224
1.397323
1.380574
1.368979
1.357384
1.359960
1.352230
1.370267
1.389592
1.359960
1.367691
1.387016
1.366402
1.339347
1.307138
1.272353
1.276218
1.289101
1.311003
1.334193
1.368979
1.385727
1.393457
1.412783
1.401188
1.393457
1.393457
1.377997
1.385727
1.368979
1.370267
1.385727
1.390881
1.397323
1.415359
1.423089
1.433396
1.408918
1.372844
1.348365
1.361249
1.389592
1.433396
1.441126
1.457875
1.426955
1.399899
1.390881
1.390881
1.383151
1.389592
1.388304
1.406341
1.426955
1.430820
1.441126
1.390881
1.353519
1.330328
1.311003
1.283948
1.268488
1.246586
1.244009
1.298120
1.325175
1.350942
1.366402
1.374132
1.397323
1.408918
1.421801
1.423089
1.426955
1.435973
1.442415
1.441126
1.435973
1.415359
1.403764
1.390881
1.379286
1.358672
1.325175
1.314868
1.304562
1.316157
1.295543
1.294255
1.301985
1.320022
1.345789
1.352230
1.334193
1.325175
1.336770
1.335482
1.345789
1.361249
1.357384
1.380574
1.383151
1.377997
1.376709
1.392169
1.411494
1.377997
1.357384
1.350942
1.352230
1.376709
1.415359
1.430820
1.435973
1.430820
1.419224
1.407629
1.397323
1.380574
1.397323
1.403764
1.403764
1.397323
1.402476
1.414071
1.416648
1.407629
1.415359
1.397323
1.388304
1.341924
1.299408
1.290390
1.298120
1.316157
1.329040
1.282660
1.291678
1.305850
1.327752
1.345789
1.349654
1.357384
1.330328
1.352230
1.392169
1.390881
1.402476
1.433396
1.421801
1.419224
1.425666
1.447568
1.478488
1.506832
1.490084
1.446280
1.426955
1.429531
1.426955
1.424378
1.389592
1.352230
1.332905
1.300696
1.255604
1.247874
1.282660
1.312292
1.331617
1.356095
1.350942
1.345789
1.348365
1.358672
1.365114
1.368979
1.377997
1.367691
1.367691
1.408918
1.421801
1.419224
1.389592
1.358672
1.330328
1.317445
1.314868
1.334193
1.370267
1.394746
1.380574
1.393457
1.402476
1.429531
1.430820
1.417936
1.403764
1.412783
1.405053
1.389592
1.348365
1.345789
1.335482
1.335482
1.320022
1.329040
1.325175
1.350942
1.323887
1.321310
1.332905
1.338059
1.336770
1.334193
1.338059
1.345789
1.354807
1.368979
1.390881
1.428243
1.435973
1.434685
1.429531
1.433396
1.450145
1.482353
1.466893
1.437261
1.419224
1.412783
1.383151
1.381862
1.362537
1.381862
1.374132
1.367691
1.352230
1.325175
1.312292
1.305850
1.305850
1.304562
1.320022
1.329040
1.303273
1.322598
1.356095
1.396034
1.402476
1.392169
1.335482
1.323887
1.339347
1.311003
1.311003
1.336770
1.365114
1.396034
1.399899
1.387016
1.397323
1.434685
1.442415
1.428243
1.414071
1.406341
1.374132
1.359960
1.366402
1.340635
1.347077
1.363825
1.383151
1.389592
1.399899
1.401188
1.402476
1.430820
1.421801
1.397323
1.361249
1.321310
1.294255
1.299408
1.348365
1.372844
1.380574
1.403764
1.416648
1.434685
1.448856
1.438550
1.414071
1.383151
1.385727
1.401188
1.398611
1.394746
1.321310
1.311003
1.272353
1.295543
1.313580
1.345789
1.372844
1.390881
1.414071
1.424378
1.412783
1.377997
1.359960
1.353519
1.359960
1.405053
1.420513
1.452721
1.505544
1.511985
1.504255
1.474623
1.441126
1.410206
1.370267
1.341924
1.350942
1.325175
1.329040
1.312292
1.307138
1.277506
1.282660
1.296831
1.278795
1.268488
1.291678
1.282660
1.303273
1.305850
1.314868
1.358672
1.370267
1.410206
1.412783
1.420513
1.415359
1.394746
1.357384
1.339347
1.335482
1.326463
1.349654
1.340635
1.354807
1.389592
1.381862
1.371556
1.362537
1.356095
1.366402
1.388304
1.408918
1.406341
1.394746
1.397323
1.375421
1.356095
1.359960
1.381862
1.402476
1.424378
1.441126
1.466893
1.469470
1.432108
1.406341
1.376709
1.385727
1.383151
1.390881
1.423089
1.428243
1.414071
1.393457
1.375421
1.359960
1.367691
1.354807
1.322598
1.317445
1.299408
1.290390
1.299408
1.303273
1.323887
1.353519
1.368979
1.380574
1.399899
1.398611
1.385727
1.389592
1.397323
1.402476
1.430820
1.411494
1.377997
1.359960
1.339347
1.334193
1.347077
1.347077
1.316157
1.316157
1.308427
1.312292
1.335482
1.341924
1.374132
1.389592
1.414071
1.416648
1.402476
1.405053
1.393457
1.394746
1.408918
1.374132
1.370267
1.376709
1.363825
1.356095
1.363825
1.384439
1.412783
1.433396
1.438550
1.425666
1.425666
1.384439
1.356095
1.345789
1.336770
1.336770
1.294255
1.301985
1.292966
1.334193
1.385727
1.437261
1.430820
1.432108
1.429531
1.434685
1.408918
1.374132
1.335482
1.316157
1.321310
1.287813
1.292966
1.307138
1.321310
1.356095
1.397323
1.406341
1.420513
1.419224
1.393457
1.383151
1.388304
1.401188
1.414071
1.408918
1.415359
1.408918
1.384439
1.371556
1.347077
1.322598
1.291678
1.280083
1.264623
1.285236
1.326463
1.363825
1.361249
1.399899
1.388304
1.392169
1.372844
1.374132
1.385727
1.401188
1.407629
1.384439
1.365114
1.361249
1.356095
1.370267
1.368979
1.388304
1.401188
1.424378
1.443703
1.443703
1.456587
1.439838
1.425666
1.421801
1.443703
1.452721
1.461740
1.452721
1.428243
1.401188
1.341924
1.322598
1.258181
1.241432
1.244009
1.276218
1.283948
1.303273
1.338059
1.332905
1.327752
1.312292
1.303273
1.300696
1.316157
1.305850
1.332905
1.359960
1.385727
1.407629
1.407629
1.414071
1.437261
1.421801
1.415359
1.389592
1.389592
1.379286
1.384439
1.383151
1.401188
1.385727
1.381862
1.352230
1.329040
1.348365
1.331617
1.362537
1.366402
1.402476
1.406341
1.441126
1.437261
1.447568
1.437261
1.406341
1.408918
1.417936
1.412783
1.421801
1.394746
1.394746
1.396034
1.398611
1.376709
1.363825
1.372844
1.393457
1.420513
1.411494
1.412783
1.423089
1.380574
1.347077
1.326463
1.343212
1.312292
1.298120
1.330328
1.390881
1.403764
1.387016
1.383151
1.366402
1.356095
1.370267
1.353519
1.383151
1.370267
1.376709
1.381862
1.361249
1.347077
1.347077
1.343212
1.312292
1.287813
1.312292
1.313580
1.338059
1.374132
1.372844
1.365114
1.361249
1.348365
1.368979
1.362537
1.366402
1.358672
1.358672
1.349654
1.336770
1.350942
1.356095
1.368979
1.390881
1.398611
1.430820
1.448856
1.411494
1.367691
1.371556
1.340635
1.336770
1.331617
1.361249
1.392169
1.370267
1.370267
1.348365
1.339347
1.350942
1.414071
1.446280
1.473335
1.483642
1.479777
1.459163
1.410206
1.340635
1.312292
1.301985
1.318733
1.317445
1.287813
1.286525
1.320022
1.348365
1.393457
1.429531
1.452721
1.466893
1.434685
1.406341
1.402476
1.371556
1.353519
1.353519
1.372844
1.353519
1.341924
1.320022
1.320022
1.304562
1.326463
1.352230
1.339347
1.348365
1.347077
1.325175
1.317445
1.316157
1.322598
1.323887
1.348365
1.347077
1.361249
1.366402
1.379286
1.420513
1.412783
1.437261
1.477200
1.499102
1.497814
1.505544
1.524869
1.532599
1.495237
1.435973
1.377997
1.343212
1.307138
1.287813
1.238856
1.241432
1.262046
1.292966
1.318733
1.317445
1.320022
1.327752
1.299408
1.290390
1.290390
1.282660
1.299408
1.354807
1.411494
1.396034
1.385727
1.374132
1.377997
1.383151
1.403764
1.411494
1.442415
1.460452
1.446280
1.424378
1.424378
1.424378
1.423089
1.425666
1.419224
1.411494
1.411494
1.414071
1.398611
1.394746
1.388304
1.371556
1.385727
1.390881
1.383151
1.349654
1.344500
1.354807
1.377997
1.423089
1.452721
1.430820
1.394746
1.368979
1.349654
1.335482
1.352230
1.350942
1.377997
1.376709
1.402476
1.389592
1.380574
1.380574
1.371556
1.398611
1.429531
1.383151
1.361249
1.344500
1.334193
1.332905
1.334193
1.286525
1.271064
1.286525
1.294255
1.303273
1.323887
1.318733
1.339347
1.318733
1.323887
1.338059
1.336770
1.362537
1.358672
1.370267
1.397323
1.393457
1.402476
1.416648
1.410206
1.421801
1.402476
1.366402
1.374132
1.347077
1.339347
1.334193
1.336770
1.366402
1.387016
1.394746
1.390881
1.376709
1.374132
1.354807
1.340635
1.332905
1.304562
1.308427
1.361249
1.367691
1.383151
1.407629
1.420513
1.428243
1.432108
1.443703
1.414071
1.415359
1.388304
1.397323
1.384439
1.401188
1.421801
1.434685
1.433396
1.430820
1.406341
1.384439
1.374132
1.358672
1.350942
1.341924
1.362537
1.415359
1.410206
1.428243
1.448856
1.426955
1.420513
1.385727
1.401188
1.387016
1.366402
1.370267
1.383151
1.385727
1.377997
1.376709
1.379286
1.392169
1.408918
1.383151
1.365114
1.338059
1.311003
1.301985
1.325175
1.329040
1.329040
